tree
version=v3
num_class=1
num_tree_per_iteration=1
label_index=0
max_feature_idx=3
objective=binary sigmoid:1
feature_names=hospital_stay admission_pre_t0_count classe_meds_qtde equipe_multiprof
feature_infos=[0:241] [0:38] [1:17] [0:365]
tree_sizes=951 978 982 975 879 884 881 879 880 877 978 984 982 981 984 980 980 981 980 987 984 994 987 993 986 993 983 986 999 985 986 998 987 998 886 993 887 983 997 886 997 889 987 997 887 997 984 983 1001 884 985 887 1000 884 1000 883 1003 879 985 887 1001 881 885 888 1006 883 985 884 987 885 1003 879 880 1003 884 887 985 998 886 889 881

Tree=0
num_leaves=8
num_cat=0
split_feature=0 1 0 0 1 1 2
split_gain=316.877 95.003 26.3015 21.0073 22.5141 20.1187 10.6467
threshold=9.5000000000000018 2.5000000000000004 59.500000000000007 2.5000000000000004 1.5000000000000002 4.5000000000000009 6.5000000000000009
decision_type=2 2 2 2 2 2 10
left_child=3 2 -2 6 -5 -3 -1
right_child=1 5 -4 4 -6 -7 -8
leaf_value=-2.7766280247615027 -2.7548229717179904 -2.7270275061087204 -2.7280580660502141 -2.7714624242650636 -2.755594231202191 -2.6906418856492134 -2.7657032729184037
leaf_weight=244.14691150188446 119.51636150479317 7.3933377116918546 7.2821597009897223 194.3391627073288 18.288782760500908 4.6138874441385269 17.899659723043442
leaf_count=4392 2150 133 131 3496 329 83 322
internal_value=-2.76798 -2.7498 -2.75329 -2.77329 -2.7701 -2.71305 -2.77588
internal_weight=0 138.806 126.799 474.675 212.628 12.0072 262.047
internal_count=11036 2497 2281 8539 3825 216 4714
is_linear=0
shrinkage=1


Tree=1
num_leaves=8
num_cat=0
split_feature=0 1 0 0 1 1 2
split_gain=304.72 85.4072 24.0809 20.717 21.7705 16.7468 10.4899
threshold=9.5000000000000018 2.5000000000000004 59.500000000000007 2.5000000000000004 1.5000000000000002 4.5000000000000009 6.5000000000000009
decision_type=2 2 2 2 2 2 10
left_child=3 2 -2 6 -5 -3 -1
right_child=1 5 -4 4 -6 -7 -8
leaf_value=-0.0085986968651751636 0.012823515689883469 0.038950814429510386 0.038005141538162548 -0.0034485497459968489 0.012079885903584582 0.071238975034743413 0.0022379946810180853
leaf_weight=242.29040765762329 120.90960815548897 7.6644732356071454 7.5423955768346778 193.74260300397873 18.489422965794802 4.9378390461206436 17.935577653348446
leaf_count=4392 2150 133 131 3496 329 83 322
internal_value=0 0.0176346 0.0143021 -0.00526612 -0.00209573 0.051602 -0.0078518
internal_weight=0 141.054 128.452 472.458 212.232 12.6023 260.226
internal_count=11036 2497 2281 8539 3825 216 4714
is_linear=0
shrinkage=0.0136729


Tree=2
num_leaves=8
num_cat=0
split_feature=0 1 0 0 1 1 2
split_gain=293.177 77.1319 22.1078 20.4287 21.0562 14.1147 10.3348
threshold=9.5000000000000018 2.5000000000000004 59.500000000000007 2.5000000000000004 1.5000000000000002 4.5000000000000009 6.5000000000000009
decision_type=2 2 2 2 2 2 10
left_child=3 2 -2 6 -5 -3 -1
right_child=1 5 -4 4 -6 -7 -8
leaf_value=-0.0085462347390928752 0.012505327356187614 0.037122152995513295 0.036250823592631397 -0.0034118355486987225 0.011787891065483343 0.066019802559404692 0.0022030143737528057
leaf_weight=240.45718619227409 122.28121347725391 7.9301755055785161 7.7974643707275382 193.15392258763313 18.686969704926014 5.2530409321188927 17.970994174480438
leaf_count=4392 2150 133 131 3496 329 83 322
internal_value=0 0.0171226 0.0139287 -0.00521859 -0.00207103 0.0486368 -0.00779874
internal_weight=0 143.262 130.079 470.269 211.841 13.1832 258.428
internal_count=11036 2497 2281 8539 3825 216 4714
is_linear=0
shrinkage=0.0136729


Tree=3
num_leaves=8
num_cat=0
split_feature=0 1 0 0 1 1 2
split_gain=282.205 69.9459 20.3476 20.1424 20.3697 12.027 10.1815
threshold=9.5000000000000018 2.5000000000000004 59.500000000000007 2.5000000000000004 1.5000000000000002 4.5000000000000009 6.5000000000000009
decision_type=2 2 2 2 2 2 10
left_child=3 2 -2 6 -5 -3 -1
right_child=1 5 -4 4 -6 -7 -8
leaf_value=-0.0084937664289124002 0.012198692935340887 0.035442397697763445 0.034636571509716683 -0.0033754069576667272 0.011506116891934743 0.061498478171756341 0.0021686494408781937
leaf_weight=238.64696896076202 123.63153789192438 8.190593656152485 8.0475041903555375 192.57303029298782 18.881473228335381 5.5599012449383727 18.005916483700275
leaf_count=4392 2150 133 131 3496 329 83 322
internal_value=0 0.0166342 0.01357 -0.0051713 -0.00204659 0.045978 -0.00774573
internal_weight=0 145.43 131.679 468.107 211.455 13.7505 256.653
internal_count=11036 2497 2281 8539 3825 216 4714
is_linear=0
shrinkage=0.0136729


Tree=4
num_leaves=7
num_cat=0
split_feature=0 1 1 0 1 2
split_gain=271.764 80.7953 25.7534 19.8583 19.7097 10.03
threshold=9.5000000000000018 5.5000000000000009 1.0000000180025095e-35 2.5000000000000004 1.5000000000000002 6.5000000000000009
decision_type=2 2 2 2 2 10
left_child=3 2 -2 5 -5 -1
right_child=1 -3 -4 4 -6 -7
leaf_value=-0.0084412918572885909 0.010368401158441697 0.080147378337579317 0.022531968453573796 -0.003339264178685655 0.011234052019786531 0.0021348861403720368
leaf_weight=236.85951054096222 94.258664410561323 3.5999705269932738 49.699602704495192 191.99980890750885 19.072986237704754 18.040349379181862
leaf_count=4392 1614 51 832 3496 329 322
internal_value=0 0.0161676 0.0145677 -0.00512424 -0.00202239 -0.00769277
internal_weight=0 147.558 143.958 465.973 211.073 254.9
internal_count=11036 2497 2446 8539 3825 4714
is_linear=0
shrinkage=0.0136729


Tree=5
num_leaves=7
num_cat=0
split_feature=0 1 1 0 1 2
split_gain=261.812 71.4718 24.0276 19.5763 19.0748 9.88016
threshold=9.5000000000000018 5.5000000000000009 1.0000000180025095e-35 2.5000000000000004 1.5000000000000002 6.5000000000000009
decision_type=2 2 2 2 2 10
left_child=3 2 -2 5 -5 -1
right_child=1 -3 -4 4 -6 -7
leaf_value=-0.0083888143001769541 0.010133658565408994 0.073861235347681548 0.021789183533897118 -0.0033034054715126073 0.010971219053907022 0.0021017130945179649
leaf_weight=235.09454914927483 95.117482490837574 3.8510971516370764 50.684192445129156 191.43418028950691 19.261560209095478 18.074302457273006
leaf_count=4392 1614 51 832 3496 329 322
internal_value=0 0.0157211 0.0141854 -0.00507743 -0.00199844 -0.00763987
internal_weight=0 149.653 145.802 463.865 210.696 253.169
internal_count=11036 2497 2446 8539 3825 4714
is_linear=0
shrinkage=0.0136729


Tree=6
num_leaves=7
num_cat=0
split_feature=0 1 1 0 1 2
split_gain=252.326 63.6993 22.448 19.2964 18.4639 9.73208
threshold=9.5000000000000018 5.5000000000000009 1.0000000180025095e-35 2.5000000000000004 1.5000000000000002 6.5000000000000009
decision_type=2 2 2 2 2 10
left_child=3 2 -2 5 -5 -1
right_child=1 -3 -4 4 -6 -7
leaf_value=-0.0083363353792679142 0.0099064012460420257 0.068490868078103034 0.02108586571582146 -0.0032678320779292421 0.010717174079045814 0.0020691175980456118
leaf_weight=233.35183936357498 95.963242806494236 4.0944968909025183 51.651827212423086 190.87602722644806 19.447242941707373 18.107780516147614
leaf_count=4392 1614 51 832 3496 329 322
internal_value=0 0.0152938 0.0138182 -0.00503086 -0.00197473 -0.00758703
internal_weight=0 151.71 147.615 461.783 210.323 251.46
internal_count=11036 2497 2446 8539 3825 4714
is_linear=0
shrinkage=0.0136729


Tree=7
num_leaves=7
num_cat=0
split_feature=0 1 2 0 2 2
split_gain=243.277 57.1417 21.5716 19.0187 18.0441 9.58571
threshold=9.5000000000000018 5.5000000000000009 5.5000000000000009 2.5000000000000004 6.5000000000000009 6.5000000000000009
decision_type=2 2 8 2 8 10
left_child=3 2 -2 5 -5 -1
right_child=1 -3 -4 4 -6 -7
leaf_value=-0.0082838599807360299 0.0041818723040977918 0.063846915857084421 0.01637295110077832 -0.0052447985352231559 0.002927055034522813 0.0020370871882853161
leaf_weight=231.63108667731285 35.633576229214668 4.3305383250117293 113.76544392108917 125.33619345724583 84.619151007384062 18.14079075306654
leaf_count=4392 589 51 1857 2289 1536 322
internal_value=0 0.0148845 0.0134652 -0.00498453 -0.00195126 -0.00753426
internal_weight=0 153.73 149.399 459.727 209.955 249.772
internal_count=11036 2497 2446 8539 3825 4714
is_linear=0
shrinkage=0.0136729


Tree=8
num_leaves=7
num_cat=0
split_feature=0 1 1 0 1 2
split_gain=234.634 51.5525 20.6305 18.7434 17.836 9.44102
threshold=9.5000000000000018 5.5000000000000009 1.0000000180025095e-35 2.5000000000000004 1.5000000000000002 6.5000000000000009
decision_type=2 2 2 2 2 10
left_child=3 2 -2 5 -5 -1
right_child=1 -3 -4 4 -6 -7
leaf_value=-0.008231387872285733 0.0093998857399380381 0.059789237074249192 0.019974238153031856 -0.0032098824237333837 0.010482767962165221 0.0020056093541101234
leaf_weight=229.93207839131355 97.90053304284811 4.5595451965928069 53.255901593714952 189.97291359677911 19.621614824980497 18.173341564834118
leaf_count=4392 1614 51 832 3496 329 322
internal_value=0 0.0144918 0.0131255 -0.00493842 -0.00192802 -0.00748154
internal_weight=0 155.716 151.156 457.7 209.595 248.105
internal_count=11036 2497 2446 8539 3825 4714
is_linear=0
shrinkage=0.0136729


Tree=9
num_leaves=7
num_cat=0
split_feature=0 1 2 0 2 2
split_gain=226.379 46.7451 20.035 18.4701 17.5988 9.298
threshold=9.5000000000000018 5.5000000000000009 5.5000000000000009 2.5000000000000004 6.5000000000000009 6.5000000000000009
decision_type=2 2 8 2 8 10
left_child=3 2 -2 5 -5 -1
right_child=1 -3 -4 4 -6 -7
leaf_value=-0.0081789224573528586 0.0039025413593051792 0.056211792925957786 0.015552542471783923 -0.0051764027158359167 0.0029015951980549326 0.0019746761310606709
leaf_weight=228.25455272197723 36.14021660387516 4.7818078100681296 116.74339344352484 124.50106298178434 84.734840102493763 18.205436550080776
leaf_count=4392 589 51 1857 2289 1536 322
internal_value=0 0.0141153 0.0127986 -0.00489258 -0.00190503 -0.0074289
internal_weight=0 157.665 152.884 455.696 209.236 246.46
internal_count=11036 2497 2446 8539 3825 4714
is_linear=0
shrinkage=0.0136729


Tree=10
num_leaves=8
num_cat=0
split_feature=0 1 0 1 0 1 2
split_gain=218.483 44.0034 18.1993 17.2306 17.1668 12.8034 9.15664
threshold=9.5000000000000018 2.5000000000000004 2.5000000000000004 1.5000000000000002 59.500000000000007 5.5000000000000009 6.5000000000000009
decision_type=2 2 2 2 2 2 10
left_child=2 4 6 -4 -2 -3 -1
right_child=1 5 3 -5 -6 -7 -8
leaf_value=-0.00812646720215663 0.010067065160933981 0.026918916885354398 -0.0031528037536353226 0.010255267042824784 0.029647593006027512 0.053032818223280612 0.0019442724866053033
leaf_weight=226.59826424717903 133.86435082554817 11.791800461709501 189.09056088700891 19.79369955137372 8.9291243702173215 4.997589871287345 18.237085305154324
leaf_count=4392 2150 165 3496 329 131 51 322
internal_value=0 0.0137534 -0.00484696 -0.00188227 0.0112915 0.0346921 -0.00737633
internal_weight=0 159.583 453.72 208.884 142.793 16.7894 244.835
internal_count=11036 2497 8539 3825 2281 216 4714
is_linear=0
shrinkage=0.0136729


Tree=11
num_leaves=8
num_cat=0
split_feature=0 1 0 2 0 1 2
split_gain=210.93 40.7709 17.9305 17.1624 15.9829 11.4284 9.01692
threshold=9.5000000000000018 2.5000000000000004 2.5000000000000004 6.5000000000000009 59.500000000000007 5.5000000000000009 6.5000000000000009
decision_type=2 2 2 8 2 2 10
left_child=2 4 6 -4 -2 -3 -1
right_child=1 5 3 -5 -6 -7 -8
leaf_value=-0.0080740236701617521 0.0098426439014214096 0.025951173091872566 -0.0051086514724274935 0.0028759894257659813 0.028508854365783792 0.050188233199483873 0.0019143906988794133
leaf_weight=224.96296754479408 135.03632998839021 12.062373623251917 123.68336457386613 84.85133545473218 9.1572036296129209 5.2071334272623053 18.268291428685188
leaf_count=4392 2150 165 2289 1536 131 51 322
internal_value=0 0.0134058 -0.00480162 -0.00185976 0.0110281 0.0332592 -0.00732383
internal_weight=0 161.463 451.766 208.535 144.194 17.2695 243.231
internal_count=11036 2497 8539 3825 2281 216 4714
is_linear=0
shrinkage=0.0136729


Tree=12
num_leaves=8
num_cat=0
split_feature=0 1 0 2 0 1 2
split_gain=203.698 37.8586 17.6642 16.8273 14.9052 10.2604 8.87882
threshold=9.5000000000000018 2.5000000000000004 2.5000000000000004 5.5000000000000009 59.500000000000007 5.5000000000000009 6.5000000000000009
decision_type=2 2 2 8 2 2 10
left_child=2 4 6 -4 -2 -3 -1
right_child=1 5 3 -5 -6 -7 -8
leaf_value=-0.0080215953936121163 0.0096252305288930477 0.025041310760256362 -0.0055602259265207319 0.002221451669513872 0.027443812698275231 0.047627081339404603 0.0018850174044369736
leaf_weight=223.34840083122253 136.19041346758604 12.327856823801996 108.59267878904939 99.599331445991993 9.3809283673763257 5.4106619060039511 18.299063317477703
leaf_count=4392 2150 165 2021 1804 131 51 322
internal_value=0 0.0130715 -0.0047565 -0.00183746 0.0107735 0.0319305 -0.0072714
internal_weight=0 163.31 449.839 208.192 145.571 17.7385 241.647
internal_count=11036 2497 8539 3825 2281 216 4714
is_linear=0
shrinkage=0.0136729


Tree=13
num_leaves=8
num_cat=0
split_feature=0 1 0 1 0 1 2
split_gain=196.77 35.2263 17.4002 16.5973 13.9219 9.26069 8.74234
threshold=9.5000000000000018 2.5000000000000004 2.5000000000000004 1.5000000000000002 59.500000000000007 5.5000000000000009 6.5000000000000009
decision_type=2 2 2 2 2 2 10
left_child=2 4 6 -4 -2 -3 -1
right_child=1 5 3 -5 -6 -7 -8
leaf_value=-0.0079691851858093854 0.0094145127633429929 0.024184255042799519 -0.0030746868949230216 0.010038971024794067 0.026445488613597315 0.045308309214283408 0.0018561441340670729
leaf_weight=221.75435140728951 137.32692318409681 12.588367886841299 187.89372181892395 19.959908004850149 9.6004018336534482 5.608385056257247 18.329405769705772
leaf_count=4392 2150 165 3496 329 131 51 322
internal_value=0 0.0127498 -0.00471163 -0.0018154 0.0105273 0.0306949 -0.00721906
internal_weight=0 165.124 447.937 207.854 146.927 18.1968 240.084
internal_count=11036 2497 8539 3825 2281 216 4714
is_linear=0
shrinkage=0.0136729


Tree=14
num_leaves=8
num_cat=0
split_feature=0 1 0 2 2 1 2
split_gain=190.13 32.8398 17.293 20.7994 13.2818 8.39901 3.42569
threshold=9.5000000000000018 2.5000000000000004 1.5000000000000002 5.5000000000000009 5.5000000000000009 5.5000000000000009 6.5000000000000009
decision_type=2 2 2 8 8 2 10
left_child=2 4 6 -4 -2 -3 -1
right_child=1 5 3 -5 -6 -7 -8
leaf_value=-0.0098915381221608249 0.0030065381422585235 0.023375512982004819 -0.0064676055039797403 0.00034017830243152455 0.012588838536177694 0.043198482781634594 0.0016101967132652946
leaf_weight=105.27758896350861 35.581295400857925 12.844019807875158 170.80186919867992 164.90335078164935 112.68055664002895 5.8004989475011817 5.0744717568159095
leaf_count=2100 562 165 3277 3073 1719 51 89
internal_value=0 0.0124399 -0.00466704 -0.00312352 0.0102892 0.0295426 -0.00936264
internal_weight=0 166.906 446.057 335.705 148.262 18.6445 110.352
internal_count=11036 2497 8539 6350 2281 216 2189
is_linear=0
shrinkage=0.0136729


Tree=15
num_leaves=8
num_cat=0
split_feature=0 1 0 2 0 1 2
split_gain=183.758 30.6707 17.0858 20.4032 12.8255 7.65157 3.386
threshold=9.5000000000000018 2.5000000000000004 1.5000000000000002 5.5000000000000009 59.500000000000007 5.5000000000000009 6.5000000000000009
decision_type=2 2 2 8 2 2 10
left_child=2 4 6 -4 -2 -3 -1
right_child=1 5 3 -5 -6 -7 -8
leaf_value=-0.0098436120562178306 0.008991671588149782 0.02261109197268173 -0.0064162482669755765 0.00033542534276661103 0.025084278929191177 0.041270068994765922 0.0015859202677302837
leaf_weight=104.35007326304913 139.66176401823759 13.09492050111294 169.82172173634171 164.95304400473833 9.9160138145089132 5.9871893897652617 5.0816551372408858
leaf_count=2100 2150 165 3277 3073 131 51 89
internal_value=0 0.0121411 -0.00462265 -0.00308951 0.0100585 0.0284655 -0.00931286
internal_weight=0 168.66 444.206 334.775 149.578 19.0821 109.432
internal_count=11036 2497 8539 6350 2281 216 2189
is_linear=0
shrinkage=0.0136729


Tree=16
num_leaves=8
num_cat=0
split_feature=0 1 0 1 1 2 2
split_gain=177.646 28.8066 16.9437 16.0329 10.2717 9.50237 8.42191
threshold=9.5000000000000018 1.5000000000000002 2.5000000000000004 1.5000000000000002 5.5000000000000009 5.5000000000000009 6.5000000000000009
decision_type=2 2 2 2 2 8 10
left_child=2 5 6 -4 -3 -2 -1
right_child=1 4 3 -5 -6 -7 -8
leaf_value=-0.0078311164889582532 0.0029211269053951534 0.019816040271432783 -0.0029677565245787743 0.0098934821523557967 0.039500204413266536 0.011223100313258181 0.0018067994950767689
leaf_weight=217.64680479466915 34.179074868559837 25.211909331381325 186.27773290127516 20.073134616017342 6.168631173670291 104.82107876986265 18.381480064243078
leaf_count=4392 535 339 3496 329 51 1572 322
internal_value=0 0.011853 -0.00457852 -0.00171666 0.0236855 0.00918171 -0.00708053
internal_weight=0 170.381 442.379 206.351 31.3805 139 236.028
internal_count=11036 2497 8539 3825 390 2107 4714
is_linear=0
shrinkage=0.0136729


Tree=17
num_leaves=8
num_cat=0
split_feature=0 1 0 2 1 2 2
split_gain=171.775 27.0524 16.7839 19.996 9.46012 9.06022 3.31196
threshold=9.5000000000000018 1.5000000000000002 1.5000000000000002 5.5000000000000009 5.5000000000000009 5.5000000000000009 6.5000000000000009
decision_type=2 2 2 8 2 8 10
left_child=2 5 6 -4 -3 -2 -1
right_child=1 4 3 -5 -6 -7 -8
leaf_value=-0.0097571496486625314 0.0028738862149010058 0.01922218264018527 -0.0063308040386021135 0.00037301896300207373 0.037869726640651039 0.010963180773997036 0.0015348820124088099
leaf_weight=102.71056070923805 34.26530460268259 25.632487729191784 168.20803746581078 164.55493706464767 6.344991870224475 105.83196611702442 5.0968186147510997
leaf_count=2100 535 339 3277 3073 51 1572 89
internal_value=0 0.0115748 -0.00453469 -0.00301569 0.0229222 0.00898468 -0.0092233
internal_weight=0 172.075 440.57 332.763 31.9775 140.097 107.807
internal_count=11036 2497 8539 6350 390 2107 2189
is_linear=0
shrinkage=0.0136729


Tree=18
num_leaves=8
num_cat=0
split_feature=0 1 0 2 0 2 1
split_gain=166.136 25.503 16.5861 15.5643 11.6962 8.19934 5.82443
threshold=9.5000000000000018 2.5000000000000004 2.5000000000000004 6.5000000000000009 59.500000000000007 6.5000000000000009 5.5000000000000009
decision_type=2 2 2 8 2 10 2
left_child=2 4 5 -4 -2 -1 -3
right_child=1 6 3 -5 -6 -7 -8
leaf_value=-0.0077361573501586603 0.0083875623856261815 0.020673407031277645 -0.0048232722575486187 0.0028161155024235864 0.023459567806244034 0.0017686672283349931 0.036362463783155212
leaf_weight=214.89739309251308 143.12886575609446 13.774591743946077 120.34523970261216 85.124976605176926 10.31963314861059 18.421909458935261 6.5164299309253684
leaf_count=4392 2150 165 2289 1536 131 322 51
internal_value=0 0.0113061 -0.00449107 -0.00165832 0.00940118 -0.0069857 0.0257119
internal_weight=0 173.74 438.79 205.47 153.448 233.319 20.291
internal_count=11036 2497 8539 3825 2281 4714 216
is_linear=0
shrinkage=0.0136729


Tree=19
num_leaves=8
num_cat=0
split_feature=0 1 0 2 2 1 2
split_gain=160.718 24.2635 16.4822 19.3709 8.53002 8.00485 3.23907
threshold=9.5000000000000018 1.5000000000000002 1.5000000000000002 5.5000000000000009 5.5000000000000009 5.5000000000000009 6.5000000000000009
decision_type=2 2 2 8 8 2 10
left_child=2 4 6 -4 -2 -3 -1
right_child=1 5 3 -5 -6 -7 -8
leaf_value=-0.0096705120073972764 0.0026897533758035697 0.018211857833279457 -0.0062321852229869894 0.00038520847072064394 0.010492837733829741 0.034964656511733701 0.0014853340585601316
leaf_weight=101.11019499599934 34.605121001601219 26.378104411065578 166.38336684927344 164.42346135899425 107.70662138611078 6.6830981075763694 5.1116210334002963
leaf_count=2100 535 339 3277 3073 1572 51 89
internal_value=0 0.0110467 -0.00444774 -0.00294309 0.00859541 0.0215983 -0.00913367
internal_weight=0 175.373 437.029 330.807 142.312 33.0612 106.222
internal_count=11036 2497 8539 6350 2107 390 2189
is_linear=0
shrinkage=0.0136729


Tree=20
num_leaves=8
num_cat=0
split_feature=0 1 0 2 2 1 2
split_gain=155.507 22.8678 16.2768 18.9945 8.14485 7.43893 3.20083
threshold=9.5000000000000018 1.5000000000000002 1.5000000000000002 5.5000000000000009 5.5000000000000009 5.5000000000000009 6.5000000000000009
decision_type=2 2 2 8 8 2 10
left_child=2 4 6 -4 -2 -3 -1
right_child=1 5 3 -5 -6 -7 -8
leaf_value=-0.0096221533483443807 0.0026467997810764787 0.017692662799028775 -0.0061815085259660108 0.00037981052385711032 0.010256748289090317 0.03366454765940783 0.0014631034298272967
leaf_weight=100.23495331406593 34.685325294733047 26.778116345405579 165.46017353981733 164.47958121448755 108.67249581962824 6.8451411724090567 5.1182881891727439
leaf_count=2100 535 339 3277 3073 1572 51 89
internal_value=0 0.0107958 -0.00440464 -0.0029106 0.00841553 0.0209443 -0.00908361
internal_weight=0 176.981 435.293 329.94 143.358 33.6233 105.353
internal_count=11036 2497 8539 6350 2107 390 2189
is_linear=0
shrinkage=0.0136729


Tree=21
num_leaves=8
num_cat=0
split_feature=0 1 2 0 1 2 3
split_gain=150.494 21.9233 20.1623 16.1326 15.424 7.89208 7.42571
threshold=9.5000000000000018 1.0000000180025095e-35 4.5000000000000009 2.5000000000000004 1.5000000000000002 6.5000000000000009 1.0000000180025095e-35
decision_type=2 2 8 2 2 10 10
left_child=3 6 -3 5 -5 -1 -2
right_child=1 2 -4 4 -6 -7 -8
leaf_value=-0.0075990188253215506 0.0015697726240431898 -0.0052870093279343434 0.019070084683396955 -0.0028091927074495922 0.0097906147613722131 0.0017209402266993516 0.0091963014157906055
leaf_weight=211.02994702756405 35.184406958520412 7.0776961073279372 62.094438642263412 183.92319443449378 20.153542943298817 18.472745154052973 74.20511818677187
leaf_count=4392 520 96 787 3496 329 322 1094
internal_value=0 0.0105531 0.0165779 -0.00436181 -0.0015649 -0.00684885 0.00674328
internal_weight=0 178.562 69.1721 433.579 204.077 229.503 109.39
internal_count=11036 2497 883 8539 3825 4714 1614
is_linear=0
shrinkage=0.0136729


Tree=22
num_leaves=8
num_cat=0
split_feature=0 1 0 2 0 2 2
split_gain=145.657 20.7717 15.9764 18.6035 10.5463 4.55424 3.12956
threshold=9.5000000000000018 2.5000000000000004 1.5000000000000002 5.5000000000000009 59.500000000000007 8.5000000000000018 6.5000000000000009
decision_type=2 2 2 8 2 8 10
left_child=2 4 6 -4 -2 -3 -1
right_child=1 5 3 -5 -6 -7 -8
leaf_value=-0.0095352015365536072 0.0076438689042880566 0.016695261797305169 -0.0060975141717929055 0.00041447313842505083 0.021633472797228066 0.029224248929079183 0.0014155473278115067
leaf_weight=98.692861944437027 147.62264728546143 11.019021056592466 163.94502720236778 164.11344020068645 10.812094144523142 10.68166972696781 5.1326052173972121
leaf_count=2100 2150 110 3277 3073 131 106 89
internal_value=0 0.0103169 -0.00431928 -0.00283985 0.00859856 0.0228624 -0.00899385
internal_weight=0 180.135 431.884 328.058 158.435 21.7007 103.825
internal_count=11036 2497 8539 6350 2281 216 2189
is_linear=0
shrinkage=0.0136729


Tree=23
num_leaves=8
num_cat=0
split_feature=0 1 2 0 1 2 3
split_gain=141.01 20.1474 18.8351 15.7793 14.912 7.67907 7.04216
threshold=9.5000000000000018 1.0000000180025095e-35 4.5000000000000009 2.5000000000000004 1.5000000000000002 6.5000000000000009 1.0000000180025095e-35
decision_type=2 2 8 2 2 10 10
left_child=3 6 -3 5 -5 -1 -2
right_child=1 2 -4 4 -6 -7 -8
leaf_value=-0.0075046437515773438 0.0014253171684504191 -0.0053323792487992494 0.018137534161805538 -0.002743534543909327 0.0096088206726412419 0.0016843386926181474 0.0088134425633563888
leaf_weight=208.43918485939503 35.475163869559765 7.1049861684441558 63.743675358593464 182.9651533998549 20.297883480787277 18.511908642947674 75.346046701073647
leaf_count=4392 520 96 787 3496 329 322 1094
internal_value=0 0.0100891 0.0157839 -0.00427697 -0.00151003 -0.00675512 0.00644842
internal_weight=0 181.67 70.8487 430.214 203.263 226.951 110.821
internal_count=11036 2497 883 8539 3825 4714 1614
is_linear=0
shrinkage=0.0136729


Tree=24
num_leaves=8
num_cat=0
split_feature=0 1 0 2 2 1 2
split_gain=136.527 19.099 15.6767 18.2163 7.32855 6.62161 3.05939
threshold=9.5000000000000018 1.5000000000000002 1.5000000000000002 5.5000000000000009 5.5000000000000009 5.5000000000000009 6.5000000000000009
decision_type=2 2 2 8 8 2 10
left_child=2 4 6 -4 -2 -3 -1
right_child=1 5 3 -5 -6 -7 -8
leaf_value=-0.0094480892004459964 0.0022764300505207797 0.01587350854769902 -0.0060141575318723023 0.00044782034651044049 0.0094120231211564948 0.030504890374618527 0.0013693781885458541
leaf_weight=97.187695652246475 35.391131669282913 28.271442338824272 162.46549228578806 163.76207101717591 112.25971272587776 7.2693645209074012 5.146576438099145
leaf_count=2100 535 339 3277 3073 1572 51 89
internal_value=0 0.00986767 -0.00423497 -0.00277033 0.00770166 0.0188661 -0.00890406
internal_weight=0 183.192 428.562 326.228 147.651 35.5408 102.334
internal_count=11036 2497 8539 6350 2107 390 2189
is_linear=0
shrinkage=0.0136729


Tree=25
num_leaves=8
num_cat=0
split_feature=0 1 2 0 2 3 2
split_gain=132.22 18.4137 17.5939 15.4738 17.8555 6.73105 3.02256
threshold=9.5000000000000018 1.0000000180025095e-35 4.5000000000000009 1.5000000000000002 5.5000000000000009 1.0000000180025095e-35 6.5000000000000009
decision_type=2 2 8 2 8 10 10
left_child=3 5 -3 6 -5 -2 -1
right_child=1 2 -4 4 -6 -7 -8
leaf_value=-0.0093993188097952363 0.0012863155517743787 -0.0053749185031162494 0.01724651612500782 -0.0059641774983917491 0.00044152047741685143 0.008474074995015771 0.0013490225427344627
leaf_weight=96.361927315592766 35.759171485900879 7.1281931251287451 65.395597115159035 161.59296742081642 163.8270815089345 76.385823391377926 5.1527588665485373
leaf_count=2100 520 96 787 3277 3073 1094 89
internal_value=0 0.0096542 0.0150231 -0.0041932 -0.00273934 0.00618215 -0.00885375
internal_weight=0 184.669 72.5238 426.935 325.42 112.145 101.515
internal_count=11036 2497 883 8539 6350 1614 2189
is_linear=0
shrinkage=0.0136729


Tree=26
num_leaves=8
num_cat=0
split_feature=0 1 0 1 0 2 1
split_gain=128.058 17.4999 15.3313 14.394 9.53995 7.38441 4.15702
threshold=9.5000000000000018 2.5000000000000004 2.5000000000000004 1.5000000000000002 59.500000000000007 6.5000000000000009 5.5000000000000009
decision_type=2 2 2 2 2 10 2
left_child=2 4 5 -4 -2 -1 -3
right_child=1 6 3 -5 -6 -7 -8
leaf_value=-0.0073686055546811069 0.0069729300041982585 0.016575609269825594 -0.0026457455205008214 0.0094637107983703336 0.019999314065993326 0.0016377118569910925 0.028987419820968658
leaf_weight=204.79888604581356 151.90519274771214 15.453721158206465 181.55322617664933 20.4142901673913 11.291778042912481 18.562021590769291 7.4896347075700751
leaf_count=4392 2150 165 3496 329 131 322 51
internal_value=0 0.00944616 -0.00415169 -0.00142176 0.00787424 -0.00662015 0.0206273
internal_weight=0 186.14 425.328 201.968 163.197 223.361 22.9434
internal_count=11036 2497 8539 3825 2281 4714 216
is_linear=0
shrinkage=0.0136729


Tree=27
num_leaves=8
num_cat=0
split_feature=0 1 0 1 2 2 2
split_gain=124.085 21.134 11.9586 14.1041 10.0363 9.77069 2.95398
threshold=7.5000000000000009 1.5000000000000002 1.5000000000000002 3.5000000000000004 6.5000000000000009 9.5000000000000018 6.5000000000000009
decision_type=2 2 2 2 8 8 10
left_child=2 4 6 -4 -2 -3 -1
right_child=1 5 3 -5 -6 -7 -8
leaf_value=-0.0093119216441719579 0.0020939939349559561 0.011625261139568837 -0.003716721761960856 0.017538858024085464 0.0086681523414469386 0.025178644976720475 0.0013047116827424093
leaf_weight=94.911718368530273 71.711522690951824 25.882371865212917 281.51398654654622 5.9596807807683936 110.01201912015676 16.147681355476379 5.1662642583250991
leaf_count=2100 1144 297 5565 104 1562 175 89
internal_value=0 0.00809475 -0.00469319 -0.00327607 0.00607387 0.0168324 -0.00876387
internal_weight=0 223.754 387.552 287.474 181.724 42.0301 100.078
internal_count=11036 3178 7858 5669 2706 472 2189
is_linear=0
shrinkage=0.0136729


Tree=28
num_leaves=8
num_cat=0
split_feature=0 1 2 0 2 3 2
split_gain=120.545 16.4233 16.2476 14.9492 17.4328 6.39665 2.91796
threshold=9.5000000000000018 1.0000000180025095e-35 4.5000000000000009 1.5000000000000002 5.5000000000000009 1.0000000180025095e-35 6.5000000000000009
decision_type=2 2 8 2 8 10 10
left_child=3 5 -3 6 -5 -2 -1
right_child=1 2 -4 4 -6 -7 -8
leaf_value=-0.0092629127048850929 0.0010580131327633995 -0.0054855673092548043 0.016127906846369097 -0.0058581052123088543 0.00049493146264194233 0.0080125526461309257 0.0012853921548935505
leaf_weight=94.114770367741585 36.234494686126709 7.1944815367460242 67.579241544008255 159.76166395843029 163.26677480712533 77.842137441039085 5.1721734888851634
leaf_count=2100 520 96 787 3277 3073 1094 89
internal_value=0 0.00906801 0.0140483 -0.00407331 -0.00264712 0.00580356 -0.00871342
internal_weight=0 188.85 74.7737 422.315 323.028 114.077 99.2869
internal_count=11036 2497 883 8539 6350 1614 2189
is_linear=0
shrinkage=0.0136729


Tree=29
num_leaves=8
num_cat=0
split_feature=0 1 0 1 2 2 2
split_gain=117.152 19.4489 11.6434 13.5776 9.37358 8.93306 2.88222
threshold=7.5000000000000009 1.5000000000000002 1.5000000000000002 3.5000000000000004 6.5000000000000009 9.5000000000000018 6.5000000000000009
decision_type=2 2 2 2 8 8 10
left_child=2 4 6 -4 -2 -3 -1
right_child=1 5 3 -5 -6 -7 -8
leaf_value=-0.0092138232372651618 0.0020043293457274402 0.011111658754212409 -0.0036501909717079816 0.017057476339756416 0.0083313434623357961 0.023908716248774414 0.0012663805943403383
leaf_weight=93.32793764770031 72.064047425985336 26.345486164093018 279.90264327824116 6.0474076569080344 111.51735620945692 16.637923285365105 5.1780008263885966
leaf_count=2100 1144 297 5565 104 1562 175 89
internal_value=0 0.00778613 -0.00460884 -0.00321226 0.0058477 0.0160651 -0.00866293
internal_weight=0 226.565 384.456 285.95 183.581 42.9834 98.5059
internal_count=11036 3178 7858 5669 2706 472 2189
is_linear=0
shrinkage=0.0136729


Tree=30
num_leaves=8
num_cat=0
split_feature=0 1 0 2 2 2 2
split_gain=113.688 18.497 11.4999 13.4185 8.99478 8.35861 2.84673
threshold=7.5000000000000009 1.5000000000000002 1.5000000000000002 5.5000000000000009 6.5000000000000009 9.5000000000000018 6.5000000000000009
decision_type=2 2 2 8 8 8 10
left_child=2 4 6 -4 -2 -3 -1
right_child=1 5 3 -5 -6 -7 -8
leaf_value=-0.0091646518394069131 0.0019734904322331699 0.010864143306514917 -0.0061727988131715095 -0.00024021130080698828 0.0081595804167577043 0.023153371668964418 0.00124767066442688
leaf_weight=92.551102861762047 72.188569113612175 26.575674191117287 141.17403110861778 143.95559050887823 112.30250429734588 16.943646565079689 5.183747597038745
leaf_count=2100 1144 297 2935 2734 1562 175 89
internal_value=0 0.00763048 -0.00456493 -0.00317757 0.00573906 0.0156488 -0.00861239
internal_weight=0 228.01 382.864 285.13 184.491 43.5193 97.7349
internal_count=11036 3178 7858 5669 2706 472 2189
is_linear=0
shrinkage=0.0136729


Tree=31
num_leaves=8
num_cat=0
split_feature=0 1 2 0 2 2 3
split_gain=110.343 14.5934 14.9544 14.3999 13.218 7.03151 6.14412
threshold=9.5000000000000018 1.0000000180025095e-35 4.5000000000000009 2.5000000000000004 6.5000000000000009 6.5000000000000009 1.0000000180025095e-35
decision_type=2 2 8 2 8 10 10
left_child=3 6 -3 5 -5 -1 -2
right_child=1 2 -4 4 -6 -7 -8
leaf_value=-0.0071450226122127449 0.00085281127783140738 -0.0055504594978212935 0.015103492210563231 -0.0043399294306016752 0.0027612293860201434 0.0016589764098443789 0.007623466522593921
leaf_weight=199.05230782926083 36.671532824635506 7.2338058501482001 69.706044800579548 115.04188855737448 85.368234023451805 18.539043050259352 79.110986739397049
leaf_count=4392 520 96 787 2289 1536 322 1094
internal_value=0 0.00854612 0.0131616 -0.00395939 -0.00131507 -0.00639491 0.00547901
internal_weight=0 192.722 76.9399 418.001 200.41 217.591 115.783
internal_count=11036 2497 883 8539 3825 4714 1614
is_linear=0
shrinkage=0.0136729


Tree=32
num_leaves=8
num_cat=0
split_feature=0 1 0 1 2 2 2
split_gain=107.319 17.072 11.2849 13.0795 8.45185 7.67273 2.78018
threshold=7.5000000000000009 1.5000000000000002 1.5000000000000002 3.5000000000000004 5.5000000000000009 8.5000000000000018 6.5000000000000009
decision_type=2 2 2 2 8 8 10
left_child=2 4 6 -4 -2 -3 -1
right_child=1 5 3 -5 -6 -7 -8
leaf_value=-0.0090767658643777921 0.00084671798021443857 0.0094868465762043084 -0.0035429729434827031 0.016663625044201845 0.0073382345438189689 0.020858622020845187 0.0012048071705195564
leaf_weight=91.190147772431374 52.023904338479042 23.057587973773479 277.33356825634837 6.1208453811705104 134.27041018381715 21.374957360327244 5.196957577019929
leaf_count=2100 849 255 5565 104 1857 217 89
internal_value=0 0.00734181 -0.00448092 -0.00310664 0.00552544 0.0149574 -0.00852241
internal_weight=0 230.727 379.842 283.454 186.294 44.4325 96.3871
internal_count=11036 3178 7858 5669 2706 472 2189
is_linear=0
shrinkage=0.0136729


Tree=33
num_leaves=8
num_cat=0
split_feature=0 1 2 0 2 3 2
split_gain=104.177 16.4601 16.8502 11.1423 13.0185 6.21426 2.74551
threshold=7.5000000000000009 1.0000000180025095e-35 4.5000000000000009 1.5000000000000002 5.5000000000000009 1.0000000180025095e-35 6.5000000000000009
decision_type=2 2 8 2 8 8 10
left_child=3 5 -3 6 -5 -2 -1
right_child=1 2 -4 4 -6 -7 -8
leaf_value=-0.0090273803622339093 -0.0013712134680180857 -0.0044595518628983821 0.013954645205309835 -0.0060500628453763108 -0.00018083823377826401 0.005745749945627523 0.0011870724259207903
leaf_weight=90.44051393866539 28.726354114711285 10.527291581034659 79.055088087916374 139.27975184097886 143.3869295231998 113.79576866328716 5.2024417594075194
leaf_count=2100 453 157 917 2935 2734 1651 89
internal_value=0 0.00719801 0.0117907 -0.00443776 -0.00307281 0.00431128 -0.00847177
internal_weight=0 232.105 89.5824 378.31 282.667 142.522 95.643
internal_count=11036 3178 1074 7858 5669 2104 2189
is_linear=0
shrinkage=0.0136729


Tree=34
num_leaves=7
num_cat=0
split_feature=0 1 2 0 2 2
split_gain=101.134 16.1308 15.7251 11.0004 12.7724 2.7111
threshold=7.5000000000000009 5.5000000000000009 6.5000000000000009 1.5000000000000002 5.5000000000000009 6.5000000000000009
decision_type=2 2 8 2 8 10
left_child=3 2 -2 5 -5 -1
right_child=1 -3 -4 4 -6 -7
leaf_value=-0.0089779210735328498 0.0016097917851056645 0.025274531470748617 0.0091092816619068855 -0.0060001499558244974 -0.00017839406392058263 0.0011696183697155545
leaf_weight=89.700447767972946 82.719450548291206 8.7468700595200044 141.99871678650379 138.52337520942092 143.36390086635947 5.2078496851027003
leaf_count=2100 1264 60 1854 2935 2734 89
internal_value=0 0.00705776 0.0063487 -0.00439487 -0.00303929 -0.0084211
internal_weight=0 233.465 224.718 376.796 281.887 94.9083
internal_count=11036 3178 3118 7858 5669 2189
is_linear=0
shrinkage=0.0136729


Tree=35
num_leaves=8
num_cat=0
split_feature=0 0 1 1 2 2 3
split_gain=98.2126 13.6322 12.7338 12.5371 13.2189 6.72943 5.7584
threshold=9.5000000000000018 2.5000000000000004 1.5000000000000002 1.0000000180025095e-35 4.5000000000000009 6.5000000000000009 1.0000000180025095e-35
decision_type=2 2 2 2 8 10 10
left_child=1 5 -3 6 -5 -1 -2
right_child=3 2 -4 4 -6 -7 -8
leaf_value=-0.0069642818155489098 0.00062727220837750309 -0.0024235507236476631 0.008852813525265334 -0.0055391023821508758 0.01386039631895161 0.0016563118752807506 0.0071308106291198912
leaf_weight=194.61173050105572 37.16234327852726 178.40864859521389 20.916539650410414 7.2210261523723593 72.45491997897625 18.54181207343936 80.773739010095596
leaf_count=4392 520 3496 329 96 787 322 1094
internal_value=0 -0.0038107 -0.00124025 0.00791222 0.0121022 -0.00621439 0.00508151
internal_weight=0 412.479 199.325 197.612 79.6759 213.154 117.936
internal_count=11036 8539 3825 2497 883 4714 1614
is_linear=0
shrinkage=0.0136729


Tree=36
num_leaves=7
num_cat=0
split_feature=0 1 2 0 2 2
split_gain=95.5016 15.0654 14.7571 10.791 12.5124 2.64631
threshold=7.5000000000000009 5.5000000000000009 6.5000000000000009 1.5000000000000002 5.5000000000000009 6.5000000000000009
decision_type=2 2 8 2 8 10
left_child=3 2 -2 5 -5 -1
right_child=1 -3 -4 4 -6 -7
leaf_value=-0.0088897299770707063 0.0015232289792751783 0.024197258959796106 0.0087589821956489816 -0.0059179962332783238 -0.00013891922058051077 0.0011281378944747787
leaf_weight=88.406763598322868 83.118822943419218 8.9487662464380247 143.95278193801641 137.29010649770498 142.98635719716549 5.2207433655858031
leaf_count=2100 1264 60 1854 2935 2734 89
internal_value=0 0.00679613 0.00611036 -0.00431225 -0.00296973 -0.00833113
internal_weight=0 236.02 227.072 373.904 280.276 93.6275
internal_count=11036 3178 3118 7858 5669 2189
is_linear=0
shrinkage=0.0136729


Tree=37
num_leaves=8
num_cat=0
split_feature=0 1 0 1 0 2 2
split_gain=92.74 14.4839 10.6502 12.4488 7.63056 6.66141 2.61271
threshold=7.5000000000000009 1.5000000000000002 1.5000000000000002 3.5000000000000004 86.500000000000014 9.5000000000000018 6.5000000000000009
decision_type=2 2 2 2 2 8 10
left_child=2 4 6 -4 -2 -3 -1
right_child=1 5 3 -5 -6 -7 -8
leaf_value=-0.0088400762107434631 0.0045863469935610995 0.0093257029871231367 -0.0033719159392116786 0.016209645452855723 0.023044370027092136 0.01991703403340081 0.0011116083405860232
leaf_weight=87.692670151591301 186.58812601491809 28.064259141683578 273.32086479663849 6.2074259445071212 4.2831879779696456 18.367555201053619 5.2258979864418498
leaf_count=2100 2660 297 5565 104 46 175 89
internal_value=0 0.00666661 -0.00427013 -0.00293707 0.00500055 0.0135154 -0.00828038
internal_weight=0 237.303 372.447 279.528 190.871 46.4318 92.9186
internal_count=11036 3178 7858 5669 2706 472 2189
is_linear=0
shrinkage=0.0136729


Tree=38
num_leaves=8
num_cat=0
split_feature=0 2 0 1 2 3 1
split_gain=90.1197 13.2038 13.349 11.3916 12.3013 5.50938 4.19973
threshold=9.5000000000000018 5.5000000000000009 1.5000000000000002 1.0000000180025095e-35 4.5000000000000009 1.0000000180025095e-35 1.5000000000000002
decision_type=2 8 2 2 8 10 2
left_child=1 6 -3 5 -5 -2 -1
right_child=3 2 -4 4 -6 -7 -8
leaf_value=-0.0067801833708124584 0.00045453507187675796 -0.0076001226977165355 0.00055315819479501594 -0.0055841682140891479 0.013079926661444067 0.0067784824938963983 0.0012405230878541975
leaf_weight=184.00652869045734 37.546622850000858 48.807691652327776 162.63393749296665 7.2458343356847754 74.272797666490078 82.001860409975052 13.071510680019854
leaf_count=4060 520 1141 3073 96 787 1094 265
internal_value=0 -0.00370206 -0.00132889 0.00747977 0.011421 0.00479232 -0.0062482
internal_weight=0 408.52 211.442 201.067 81.5186 119.548 197.078
internal_count=11036 8539 4214 2497 883 1614 4325
is_linear=0
shrinkage=0.0136729


Tree=39
num_leaves=7
num_cat=0
split_feature=0 1 2 0 2 2
split_gain=87.7182 13.7947 13.6009 10.4066 11.992 2.60007
threshold=7.5000000000000009 5.5000000000000009 6.5000000000000009 1.5000000000000002 5.5000000000000009 6.5000000000000009
decision_type=2 2 8 2 8 10
left_child=3 2 -2 5 -5 -1
right_child=1 -3 -4 4 -6 -7
leaf_value=-0.0087513567392598288 0.0013783840541597937 0.02283371242540766 0.0082833332528510963 -0.0057887090053350097 -0.00010808087033290849 0.0012069076495191777
leaf_weight=86.441680118441582 83.796310186386108 9.2142455726861936 146.68186705186963 135.39374246820807 142.69557663425803 5.1963090635836116
leaf_count=2100 1264 60 1854 2935 2734 89
internal_value=0 0.00642871 0.00577286 -0.00419062 -0.00287382 -0.00818668
internal_weight=0 239.692 230.478 369.727 278.089 91.638
internal_count=11036 3178 3118 7858 5669 2189
is_linear=0
shrinkage=0.0136729


Tree=40
num_leaves=8
num_cat=0
split_feature=0 1 2 0 1 3 2
split_gain=85.2008 13.2307 13.9345 10.2678 11.9408 5.49485 2.56628
threshold=7.5000000000000009 1.0000000180025095e-35 4.5000000000000009 1.5000000000000002 3.5000000000000004 1.0000000180025095e-35 6.5000000000000009
decision_type=2 2 8 2 2 8 10
left_child=3 5 -3 6 -5 -2 -1
right_child=1 2 -4 4 -6 -7 -8
leaf_value=-0.0087015258880529175 -0.0015771551379178005 -0.0045021136045938857 0.012168769588755318 -0.0032741990416785705 0.015778537518484251 0.0050565276933015367 0.0011891393582417085
leaf_weight=85.752764299511909 29.13329790532589 10.554608330130575 83.760076228529215 271.07748834788799 6.2922898270189753 117.46730773150921 5.2018021978437892
leaf_count=2100 453 157 917 5565 104 1651 89
internal_value=0 0.00630831 0.0103032 -0.00414926 -0.00284198 0.00373824 -0.00813587
internal_weight=0 240.915 94.3147 368.324 277.37 146.601 90.9546
internal_count=11036 3178 1074 7858 5669 2104 2189
is_linear=0
shrinkage=0.0136729


Tree=41
num_leaves=7
num_cat=0
split_feature=0 1 2 0 2 2
split_gain=82.7578 12.9673 12.7644 10.1299 11.7675 2.53276
threshold=7.5000000000000009 5.5000000000000009 6.5000000000000009 1.5000000000000002 5.5000000000000009 6.5000000000000009
decision_type=2 2 8 2 8 10
left_child=3 2 -2 5 -5 -1
right_child=1 -3 -4 4 -6 -7
leaf_value=-0.0086516365401819086 0.0013004253578464725 0.021938741744133242 0.0079647962820519978 -0.0057134214020641005 -7.1298381816693667e-05 0.0011716518237188357
leaf_weight=85.072686709463596 84.166933290660381 9.3954488262534124 148.56953592225909 134.31150143966079 142.35043984651566 5.2072190754115573
leaf_count=2100 1264 60 1854 2935 2734 89
internal_value=0 0.00619044 0.00555469 -0.00410813 -0.00281039 -0.00808504
internal_weight=0 242.132 232.736 366.942 276.662 90.2799
internal_count=11036 3178 3118 7858 5669 2189
is_linear=0
shrinkage=0.0136729


Tree=42
num_leaves=8
num_cat=0
split_feature=0 2 0 1 0 1 1
split_gain=80.4166 12.5326 12.3757 10.2429 7.2744 4.15657 2.68937
threshold=9.5000000000000018 5.5000000000000009 1.5000000000000002 2.5000000000000004 59.500000000000007 1.5000000000000002 5.5000000000000009
decision_type=2 8 2 2 2 2 2
left_child=1 5 -3 4 -2 -1 -5
right_child=3 2 -4 6 -6 -7 -8
leaf_value=-0.0066103354780568157 0.0050015100057521867 -0.0073922275149141403 0.00054251249750310294 0.011790273276468111 0.015715807834370366 0.0014139513183255383 0.021000268025505264
leaf_weight=180.31251231953502 165.88925667107105 47.466187696903944 162.73115615174174 17.950207449495796 12.757670208811758 12.933976147323845 8.8494473248720151
leaf_count=4060 2150 1141 3073 165 131 265 51
internal_value=0 -0.00355994 -0.00124929 0.00694912 0.00576665 -0.00607327 0.0148315
internal_weight=0 403.444 210.197 205.447 178.647 193.246 26.7997
internal_count=11036 8539 4214 2497 2281 4325 216
is_linear=0
shrinkage=0.0136729


Tree=43
num_leaves=8
num_cat=0
split_feature=0 1 2 0 1 3 2
split_gain=78.3238 12.1544 12.9804 9.89187 11.4543 5.19814 2.51919
threshold=7.5000000000000009 1.0000000180025095e-35 4.5000000000000009 1.5000000000000002 3.5000000000000004 1.0000000180025095e-35 6.5000000000000009
decision_type=2 2 8 2 2 8 10
left_child=3 5 -3 6 -5 -2 -1
right_child=1 2 -4 4 -6 -7 -8
leaf_value=-0.0085627746006568129 -0.0016433004786390142 -0.0045316167367830664 0.01152771650727105 -0.0031786126062057708 0.015363341829641863 0.0047892579461926146 0.0012633362538128823
leaf_weight=83.884686499834061 29.263835228979588 10.571932278573511 85.55978000164032 268.91454904526472 6.3761488832533351 118.94713051617146 5.1789351366460314
leaf_count=2100 453 157 917 5565 104 1651 89
internal_value=0 0.00597513 0.00976162 -0.00403058 -0.00274915 0.00351917 -0.0079914
internal_weight=0 244.343 96.1317 364.354 275.291 148.211 89.0636
internal_count=11036 3178 1074 7858 5669 2104 2189
is_linear=0
shrinkage=0.0136729


Tree=44
num_leaves=7
num_cat=0
split_feature=0 1 2 0 2 2
split_gain=76.0928 11.7179 11.7646 9.75612 11.2687 2.48554
threshold=7.5000000000000009 5.5000000000000009 5.5000000000000009 1.5000000000000002 5.5000000000000009 6.5000000000000009
decision_type=2 2 8 2 8 10
left_child=3 2 -2 5 -5 -1
right_child=1 -3 -4 4 -6 -7
leaf_value=-0.0085127335192017907 -1.6000020656572191e-06 0.020616038373224142 0.007032706048116056 -0.0055863942643596832 -4.3526134548565909e-05 0.001244675776748382
leaf_weight=83.228612616658211 59.420214995741844 9.6713820844888669 176.41146807745099 132.52004836499691 142.09010128304362 5.1846686452627173
leaf_count=2100 928 60 2190 2935 2734 89
internal_value=0 0.00586526 0.00526034 -0.00399022 -0.00271838 -0.00794055
internal_weight=0 245.503 235.832 363.023 274.61 88.4133
internal_count=11036 3178 3118 7858 5669 2189
is_linear=0
shrinkage=0.0136729


Tree=45
num_leaves=8
num_cat=0
split_feature=0 1 2 0 2 3 2
split_gain=73.9334 11.445 12.2354 9.62113 11.0465 4.98021 2.45217
threshold=7.5000000000000009 1.0000000180025095e-35 4.5000000000000009 1.5000000000000002 5.5000000000000009 1.0000000180025095e-35 6.5000000000000009
decision_type=2 2 8 2 8 8 10
left_child=3 5 -3 6 -5 -2 -1
right_child=1 2 -4 4 -6 -7 -8
leaf_value=-0.0084626430871436419 -0.0016719308047791945 -0.0045040680349393162 0.011094041578495127 -0.0055381354485143702 -4.2932589769045593e-05 0.0046142710378608252 0.001226310367816349
leaf_weight=82.580986969172955 29.320999681949615 10.54316735267639 86.827390119433403 131.85170638933778 142.0846055559814 119.93895463645458 5.1903229132294646
leaf_count=2100 453 157 917 2935 2734 1651 89
internal_value=0 0.00575836 0.0094051 -0.00395015 -0.0026879 0.00337939 -0.00788969
internal_weight=0 246.631 97.3706 361.708 273.936 149.26 87.7713
internal_count=11036 3178 1074 7858 5669 2104 2189
is_linear=0
shrinkage=0.0136729


Tree=46
num_leaves=8
num_cat=0
split_feature=0 1 0 1 0 2 2
split_gain=71.8365 11.1209 9.48705 11.0314 6.52898 5.44445 2.41909
threshold=7.5000000000000009 1.5000000000000002 1.5000000000000002 3.5000000000000004 86.500000000000014 9.5000000000000018 6.5000000000000009
decision_type=2 2 2 2 2 8 10
left_child=2 4 6 -4 -2 -3 -1
right_child=1 5 3 -5 -6 -7 -8
leaf_value=-0.0084125061885881019 0.0038227470298464617 0.0077445239005313974 -0.0030847559334198226 0.015013491329227153 0.020318743263977278 0.016993947637930908 0.0012082363145268227
leaf_weight=81.941704519093037 193.59886239096522 29.727075383067131 266.8228671438992 6.4484198503196231 4.591912440955638 19.836099937558174 5.1958986036479464
leaf_count=2100 2660 297 5565 104 46 175 89
internal_value=0 0.00565358 -0.00391036 -0.00265769 0.00420495 0.0114463 -0.00783883
internal_weight=0 247.754 360.409 273.271 198.191 49.5632 87.1376
internal_count=11036 3178 7858 5669 2706 472 2189
is_linear=0
shrinkage=0.0136729


Tree=47
num_leaves=8
num_cat=0
split_feature=0 2 0 1 0 1 1
split_gain=69.9491 11.8679 11.3009 8.77779 6.52777 4.10296 2.37268
threshold=9.5000000000000018 5.5000000000000009 1.5000000000000002 2.5000000000000004 59.500000000000007 1.5000000000000002 5.5000000000000009
decision_type=2 8 2 2 2 2 2
left_child=1 5 -3 4 -2 -1 -5
right_child=3 2 -4 6 -6 -7 -8
leaf_value=-0.0064135665762746026 0.004546751802698621 -0.0071328652374277306 0.00055072858197332728 0.010704880661733659 0.014518384962948279 0.0016092176776744621 0.019190200940311309
leaf_weight=176.19260665029287 169.44678702950478 45.88177852332592 162.62771125882864 18.61742822080851 13.231529682874678 12.781624495983122 9.2074717432260496
leaf_count=4060 2150 1141 3073 165 131 265 51
internal_value=0 -0.00338922 -0.00114002 0.00635868 0.005269 -0.00587093 0.0135127
internal_weight=0 397.484 208.509 210.503 182.678 188.974 27.8249
internal_count=11036 8539 4214 2497 2281 4325 216
is_linear=0
shrinkage=0.0136729


Tree=48
num_leaves=8
num_cat=0
split_feature=0 1 2 2 0 1 3
split_gain=68.0208 10.4499 11.4918 9.28079 9.21021 6.74566 4.74692
threshold=7.5000000000000009 1.0000000180025095e-35 4.5000000000000009 5.5000000000000009 1.5000000000000002 1.5000000000000002 1.0000000180025095e-35
decision_type=2 2 8 8 2 2 10
left_child=3 6 -3 5 -5 -1 -2
right_child=1 2 -4 4 -6 -7 -8
leaf_value=-0.0068578839525190692 -0.00017744468898482919 -0.0045562389388469019 0.01051853467265723 -0.0070817095204577735 -1.6808936406784604e-05 0.004200000839397062 0.0049405438899514887
leaf_weight=159.53251270577312 51.444416366517544 10.583832204341887 88.54994285479188 45.583397593349218 141.8402138762176 11.026301398873327 99.227460958063602
leaf_count=3746 754 157 917 1141 2734 237 1350
internal_value=0 0.00546145 0.0089091 -0.00383521 -0.00173507 -0.00614301 0.00319309
internal_weight=0 249.806 99.1338 357.982 187.424 170.559 150.672
internal_count=11036 3178 1074 7858 3875 3983 2104
is_linear=0
shrinkage=0.0136729


Tree=49
num_leaves=7
num_cat=0
split_feature=0 1 2 0 1 2
split_gain=66.1022 10.2872 10.6188 9.17333 10.5333 2.4225
threshold=7.5000000000000009 5.5000000000000009 6.5000000000000009 1.5000000000000002 3.5000000000000004 6.5000000000000009
decision_type=2 2 8 2 2 10
left_child=3 2 -2 5 -5 -1
right_child=1 -3 -4 4 -6 -7
leaf_value=-0.0082840091093588607 0.00094200111476049455 0.018923541490917843 0.0069357300945112887 -0.0029889098163960043 0.014574312826248288 0.0014009374210428992
leaf_weight=80.342771217226982 85.890679717063904 10.040578529238699 154.9468742646277 264.71289455145597 6.5415781661868087 5.1370188221335402
leaf_count=2100 1264 60 1854 5565 104 89
internal_value=0 0.00536349 0.00479817 -0.00379618 -0.00256535 -0.00770198
internal_weight=0 250.878 240.838 356.734 271.254 85.4798
internal_count=11036 3178 3118 7858 5669 2189
is_linear=0
shrinkage=0.0136729


Tree=50
num_leaves=8
num_cat=0
split_feature=0 0 1 1 0 2 0
split_gain=64.3044 11.521 10.5308 8.01397 6.10713 5.98437 2.24202
threshold=9.5000000000000018 2.5000000000000004 1.5000000000000002 2.5000000000000004 59.500000000000007 6.5000000000000009 16.500000000000004
decision_type=2 2 2 2 2 10 2
left_child=1 5 -3 4 -2 -1 -5
right_child=3 2 -4 6 -6 -7 -8
leaf_value=-0.0063551923039338312 0.0042953261967721736 -0.0020458758044254949 0.0080835385520759487 0.0074502457044985752 0.013842357098232495 0.0018405677591641449 0.015555077458541912
leaf_weight=180.8472523316741 171.4741670563817 173.26139767467976 21.576874982565641 9.6792709305882472 13.513535231351851 18.345335066318512 18.72429334372282
leaf_count=4392 2150 3496 329 74 131 322 142
internal_value=0 -0.00328809 -0.000924119 0.00603102 0.00499275 -0.00560038 0.0127931
internal_weight=0 394.031 194.838 213.391 184.988 199.193 28.4036
internal_count=11036 8539 3825 2497 2281 4714 216
is_linear=0
shrinkage=0.0136729


Tree=51
num_leaves=7
num_cat=0
split_feature=0 1 2 2 0 1
split_gain=62.5201 9.63049 10.0757 9.1191 8.87682 6.58061
threshold=7.5000000000000009 5.5000000000000009 6.5000000000000009 5.5000000000000009 1.5000000000000002 1.5000000000000002
decision_type=2 2 8 8 2 2
left_child=3 2 -2 5 -5 -1
right_child=1 -3 -4 4 -6 -7
leaf_value=-0.0067424274920748865 0.00087820232158939662 0.018188883161221431 0.0066996061586160225 -0.0069395461698580152 4.7651826046630818e-05 0.0041798644626694394
leaf_weight=157.29719538614154 86.203724026679993 10.207814015448092 156.4796997345984 44.765753719955683 141.23782094195485 11.036011312156914
leaf_count=3746 1264 60 1854 1141 2734 237
internal_value=0 0.00517901 0.00463178 -0.00372064 -0.00163397 -0.00602636
internal_weight=0 252.891 242.683 354.337 186.004 168.333
internal_count=11036 3178 3118 7858 3875 3983
is_linear=0
shrinkage=0.0136729


Tree=52
num_leaves=8
num_cat=0
split_feature=0 2 3 1 1 2 3
split_gain=60.776 11.2532 10.8676 8.43211 7.54525 9.11766 4.6983
threshold=9.5000000000000018 6.5000000000000009 8.5000000000000018 1.5000000000000002 1.0000000180025095e-35 4.5000000000000009 1.0000000180025095e-35
decision_type=2 8 8 2 2 8 10
left_child=1 3 -3 -1 6 -6 -2
right_child=4 2 -4 -5 5 -7 -8
leaf_value=-0.0061427485646545028 -0.00025823410419558655 0.0022489717096935134 -0.0045236071817297127 0.0041339553505596515 -0.0057464626989058793 0.010178186466156433 0.0054427847815213494
leaf_weight=195.54520004987717 39.205982908606529 101.43415803089738 78.63147247582674 16.159835368394852 7.3236396163702002 81.755844973027706 86.979882329702377
leaf_count=4557 520 2029 1631 322 96 787 1094
internal_value=0 -0.00322116 -0.000708494 -0.00535831 0.00582225 0.00886895 0.00367148
internal_weight=0 391.771 180.066 211.705 215.265 89.0795 126.186
internal_count=11036 8539 3660 4879 2497 883 1614
is_linear=0
shrinkage=0.0136729


Tree=53
num_leaves=7
num_cat=0
split_feature=0 1 2 0 1 2
split_gain=59.2729 9.11187 9.49576 8.9301 9.94286 2.35302
threshold=7.5000000000000009 5.5000000000000009 5.5000000000000009 1.5000000000000002 3.5000000000000004 6.5000000000000009
decision_type=2 2 8 2 2 10
left_child=3 2 -2 5 -5 -1
right_child=1 -3 -4 4 -6 -7
leaf_value=-0.0081347220165061494 -0.00023362812411800975 0.01757559770231671 0.0060190419778531406 -0.0028526108258961572 0.014077778203559734 0.0014225449948664197
leaf_weight=78.554108656942844 60.268220782279968 10.349245756864546 184.14435609057546 261.76326267048717 6.6496166698634616 5.1304939016699782
leaf_count=2100 928 60 2190 5565 104 89
internal_value=0 0.00500933 0.00447723 -0.00364903 -0.00243318 -0.00754879
internal_weight=0 254.762 244.413 352.097 268.413 83.6846
internal_count=11036 3178 3118 7858 5669 2189
is_linear=0
shrinkage=0.0136729


Tree=54
num_leaves=8
num_cat=0
split_feature=0 1 2 2 0 1 3
split_gain=57.6169 8.9524 10.0942 8.81895 8.62254 6.32734 4.40246
threshold=7.5000000000000009 1.0000000180025095e-35 4.5000000000000009 5.5000000000000009 1.5000000000000002 1.5000000000000002 1.0000000180025095e-35
decision_type=2 2 8 8 2 2 10
left_child=3 6 -3 5 -5 -1 -2
right_child=1 2 -4 4 -6 -7 -8
leaf_value=-0.0066139172827376115 -0.0003948191776788814 -0.0045820103431995921 0.009515453914644716 -0.006829900458229495 9.5238760607593834e-05 0.0040748076541615476 0.0044946886003989685
leaf_weight=154.8793762922287 52.143212959170341 10.592463739216326 91.683207467198372 44.153285067528486 140.79846174642444 11.095384255051611 101.32040309906006
leaf_count=3746 754 157 917 1141 2734 237 1350
internal_value=0 0.00492177 0.00805541 -0.0036113 -0.00155799 -0.00589938 0.00283335
internal_weight=0 255.739 102.276 350.927 184.952 165.975 153.464
internal_count=11036 3178 1074 7858 3875 3983 2104
is_linear=0
shrinkage=0.0136729


Tree=55
num_leaves=7
num_cat=0
split_feature=0 0 2 1 2 2
split_gain=56.0075 8.71577 9.69694 8.64573 9.05793 2.33636
threshold=7.5000000000000009 1.5000000000000002 5.5000000000000009 5.5000000000000009 6.5000000000000009 6.5000000000000009
decision_type=2 2 8 2 8 10
left_child=1 5 -3 4 -2 -1
right_child=3 2 -4 -5 -6 -7
leaf_value=-0.0080451015637834199 0.00076286040711607639 -0.005123665197571352 9.3928610744222678e-05 0.016995229779294099 0.0062524400680426398 0.0015034210593975273
leaf_weight=77.514444757252932 86.767666034400463 126.33937838673592 140.81039470806718 10.485473625361918 159.46237038820982 5.1062084659934035
leaf_count=2100 1264 2935 2734 60 1854 89
internal_value=0 -0.00357386 -0.00237355 0.00483579 0.004318 -0.00745497
internal_weight=0 349.77 267.15 256.716 246.23 82.6207
internal_count=11036 7858 5669 3178 3118 2189
is_linear=0
shrinkage=0.0136729


Tree=56
num_leaves=8
num_cat=0
split_feature=0 0 1 1 2 3 2
split_gain=54.4474 8.58595 9.53174 8.47057 9.58969 4.26717 2.30259
threshold=7.5000000000000009 1.5000000000000002 3.5000000000000004 1.0000000180025095e-35 4.5000000000000009 1.0000000180025095e-35 6.5000000000000009
decision_type=2 2 2 2 8 10 10
left_child=1 6 -3 5 -5 -2 -1
right_child=3 2 -4 4 -6 -7 -8
leaf_value=-0.0079946875890062087 -0.00045079967368110427 -0.0027623293886966738 0.013718926738233656 -0.0045588757417830182 0.0091878982019750113 0.0043518564389613068 0.0014808955853930028
leaf_weight=76.940664034336805 52.327015407383442 259.84406469017267 6.7300925292074671 10.567839898169039 92.755709752440453 102.01189515739679 5.1129505522549143
leaf_count=2100 754 5565 104 157 917 1350 89
internal_value=0 -0.00353669 -0.00234623 0.00475197 0.00778189 0.00272357 -0.00740424
internal_weight=0 348.628 266.574 257.662 103.324 154.339 82.0536
internal_count=11036 7858 5669 3178 1074 2104 2189
is_linear=0
shrinkage=0.0136729


Tree=57
num_leaves=7
num_cat=0
split_feature=0 0 1 0 1 2
split_gain=52.979 10.7145 9.44905 6.91819 6.84292 5.61225
threshold=9.5000000000000018 2.5000000000000004 1.5000000000000002 87.500000000000014 5.5000000000000009 6.5000000000000009
decision_type=2 2 2 2 2 10
left_child=1 5 -3 4 -2 -1
right_child=3 2 -4 -5 -6 -7
leaf_value=-0.0060859005244657417 0.0044135849480937683 -0.0018651246320143908 0.0076635822659490991 0.02018692410945366 0.016073093218544991 0.0018682321559331798
leaf_weight=175.3147315941751 204.04790479689837 170.89012167230248 21.955157175660133 5.7208220064640036 9.865314453840254 18.316050220280886
leaf_count=4392 2394 3496 329 52 51 322
internal_value=0 -0.00306152 -0.000780295 0.00534814 0.0049513 -0.0053335
internal_weight=0 386.476 192.845 219.634 213.913 193.631
internal_count=11036 8539 3825 2497 2445 4714
is_linear=0
shrinkage=0.0136729


Tree=58
num_leaves=8
num_cat=0
split_feature=0 2 3 1 1 0 2
split_gain=51.5178 8.5081 8.20771 8.04261 6.20296 5.17267 4.41702
threshold=7.5000000000000009 5.5000000000000009 6.5000000000000009 1.5000000000000002 1.5000000000000002 86.500000000000014 9.5000000000000018
decision_type=2 8 8 2 2 2 8
left_child=1 4 -3 5 -1 -2 -5
right_child=3 2 -4 6 -6 -7 -8
leaf_value=-0.0064560753096094122 0.0030300212410665521 0.00084391984999684238 -0.0051009876392225468 0.0060893540602857859 0.0041552050902748782 0.017088080016640479 0.014124932354104889
leaf_weight=151.996582377702 201.36812451481819 112.80382982268929 70.583118803799152 31.628978550434113 11.047356501221655 5.0150099620223036 21.469055593013763
leaf_count=3746 2660 2350 1525 297 237 46 175
internal_value=0 -0.0034646 -0.00144419 0.00459261 -0.00573709 0.00337163 0.00933837
internal_weight=0 346.431 183.387 259.481 163.044 206.383 53.098
internal_count=11036 7858 3875 3178 3983 2706 472
is_linear=0
shrinkage=0.0136729


Tree=59
num_leaves=7
num_cat=0
split_feature=0 2 3 1 3 3
split_gain=50.1491 10.5422 10.4025 7.86304 6.64606 6.9475
threshold=9.5000000000000018 6.5000000000000009 8.5000000000000018 1.5000000000000002 82.500000000000014 22.500000000000004
decision_type=2 8 8 2 10 10
left_child=1 3 -3 -1 5 -2
right_child=4 2 -4 -5 -6 -7
leaf_value=-0.0058845550752012711 0.0056126638806845482 0.0023264462391948911 -0.0043394327797138012 0.0040268953821868524 0.020242384273578051 -0.0025902867148754438
leaf_weight=189.97482799366117 194.53094482421875 100.95600872114301 77.262549236416817 16.243172843009233 5.338172420859336 21.428751870989799
leaf_count=4557 2216 2029 1631 322 50 231
internal_value=0 -0.00299897 -0.000563392 -0.00510386 0.00517125 0.00479872
internal_weight=0 384.437 178.219 206.218 221.298 215.96
internal_count=11036 8539 3660 4879 2497 2447
is_linear=0
shrinkage=0.0136729


Tree=60
num_leaves=8
num_cat=0
split_feature=0 0 2 1 2 3 2
split_gain=48.8631 8.45782 9.18498 7.75612 9.03443 4.0615 2.20139
threshold=7.5000000000000009 1.5000000000000002 5.5000000000000009 1.0000000180025095e-35 4.5000000000000009 1.0000000180025095e-35 6.5000000000000009
decision_type=2 2 8 2 8 8 10
left_child=1 6 -3 5 -5 -2 -1
right_child=3 2 -4 4 -6 -7 -8
leaf_value=-0.0078622824481874333 -0.0020090613152640964 -0.0049242329276568911 0.0001881498581716132 -0.0046350845217191421 0.0086598313402306681 0.0035879041528330637 0.0013835638619030522
leaf_weight=75.468903947621584 30.010062880814075 123.8335421718657 139.94476417079568 10.630118675529955 94.523908630013466 126.03177327662706 5.1422762237489215
leaf_count=2100 453 2935 2734 157 917 1651 89
internal_value=0 -0.00339644 -0.00221191 0.00444566 0.00731584 0.00251149 -0.00727248
internal_weight=0 344.389 263.778 261.196 105.154 156.042 80.6112
internal_count=11036 7858 5669 3178 1074 2104 2189
is_linear=0
shrinkage=0.0136729


Tree=61
num_leaves=7
num_cat=0
split_feature=0 0 1 1 2 2
split_gain=47.509 8.32798 9.00967 7.6543 8.11798 2.16914
threshold=7.5000000000000009 1.5000000000000002 3.5000000000000004 5.5000000000000009 6.5000000000000009 6.5000000000000009
decision_type=2 2 2 2 8 10
left_child=1 5 -3 4 -2 -1
right_child=3 2 -4 -5 -6 -7
leaf_value=-0.0078118142519778945 0.00053511197602529737 -0.002598674332307772 0.013323825712892083 0.015635306689112363 0.0056880668914771398 0.0013629803772522416
leaf_weight=74.921689081937075 87.915343567728996 256.42688039317727 6.8204221613705149 10.81028215587139 163.35898317396641 5.1485179997980586
leaf_count=2100 1264 5565 104 60 1854 89
internal_value=0 -0.0033606 -0.00218614 0.00436982 0.00388516 -0.00722187
internal_weight=0 343.318 263.247 262.085 251.274 80.0702
internal_count=11036 7858 5669 3178 3118 2189
is_linear=0
shrinkage=0.0136729


Tree=62
num_leaves=7
num_cat=0
split_feature=0 0 2 1 2 2
split_gain=46.1955 8.19942 8.99265 7.36707 7.85847 2.13721
threshold=7.5000000000000009 1.5000000000000002 5.5000000000000009 5.5000000000000009 5.5000000000000009 6.5000000000000009
decision_type=2 2 8 2 8 10
left_child=1 5 -3 4 -2 -1
right_child=3 2 -4 -5 -6 -7
leaf_value=-0.0077613394223065317 -0.00044891762345343418 -0.004856592528642293 0.00021291136803094828 0.015305548550078995 0.005185412046719475 0.001342728428434034
leaf_weight=74.381590999662876 61.079579629004002 123.00653691962361 139.71879114210606 10.891628302633761 190.97500608116388 5.1546732410788527
leaf_count=2100 928 2935 2734 60 2190 89
internal_value=0 -0.00332501 -0.0021606 0.00429581 0.00382006 -0.00717131
internal_weight=0 342.262 262.725 262.946 252.055 79.5363
internal_count=11036 7858 5669 3178 3118 2189
is_linear=0
shrinkage=0.0136729


Tree=63
num_leaves=7
num_cat=0
split_feature=0 0 2 3 3 2
split_gain=44.9697 10.1138 8.65486 6.19702 6.69758 5.20486
threshold=9.5000000000000018 2.5000000000000004 6.5000000000000009 82.500000000000014 22.500000000000004 6.5000000000000009
decision_type=2 2 8 10 10 10
left_child=1 5 -3 4 -2 -1
right_child=3 2 -4 -5 -6 -7
leaf_value=-0.0058609669420854231 0.0052713680007212098 -0.0032977029566278078 0.0025482036378751253 0.019190050189973919 -0.0027411882195211845 0.0017934918439875915
leaf_weight=170.9293364584446 197.36705674231052 104.89056580886245 86.299934610724449 5.4878726303577414 21.641459316015244 18.394764598459005
leaf_count=4392 2216 2289 1536 50 231 322
internal_value=0 -0.00287718 -0.000658966 0.0048392 0.0044796 -0.00511726
internal_weight=0 380.515 191.191 224.496 219.009 189.324
internal_count=11036 8539 3825 2497 2447 4714
is_linear=0
shrinkage=0.0136729


Tree=64
num_leaves=8
num_cat=0
split_feature=0 0 2 1 2 3 2
split_gain=43.7357 8.00768 8.68106 7.19503 8.40145 3.95667 2.07777
threshold=7.5000000000000009 1.5000000000000002 5.5000000000000009 1.0000000180025095e-35 4.5000000000000009 1.0000000180025095e-35 6.5000000000000009
decision_type=2 2 8 2 8 10 10
left_child=1 6 -3 5 -5 -2 -1
right_child=3 2 -4 4 -6 -7 -8
leaf_value=-0.0076725224881565987 -0.00073317081328186525 -0.0047713383975926654 0.00022137744527559182 -0.0046419989863724928 0.0081692749982202485 0.0038455616735053291 0.0012962204903200548
leaf_weight=73.448302391916513 53.263572283089161 121.97933888807893 139.63794599100947 10.626570604741572 96.211766488850117 104.51724418252707 5.1688603013753882
leaf_count=2100 754 2935 2734 157 917 1350 89
internal_value=0 -0.00325636 -0.00210648 0.00415513 0.00689501 0.00229988 -0.00708285
internal_weight=0 340.234 261.617 264.619 106.838 157.781 78.6172
internal_count=11036 7858 5669 3178 1074 2104 2189
is_linear=0
shrinkage=0.0136729


Tree=65
num_leaves=7
num_cat=0
split_feature=0 0 1 0 3 2
split_gain=42.537 9.79663 8.56635 6.00758 6.48472 5.04411
threshold=9.5000000000000018 2.5000000000000004 1.5000000000000002 87.500000000000014 13.500000000000002 6.5000000000000009
decision_type=2 2 2 2 10 10
left_child=1 5 -3 4 -2 -1
right_child=3 2 -4 -5 -6 -7
leaf_value=-0.005773765079245612 0.005387639369564867 -0.0016874345080218195 0.0073381382907118558 0.01813049310058823 -0.0008007550843388046 0.0017582064535857924
leaf_weight=169.28588869422674 181.71569095551968 168.60777656361461 22.254223633557558 6.0410413146018973 38.334422312676907 18.432210959494114
leaf_count=4392 2037 3496 329 52 408 322
internal_value=0 -0.00281636 -0.000635066 0.00467886 0.00430957 -0.00503419
internal_weight=0 378.58 190.862 226.091 220.05 187.718
internal_count=11036 8539 3825 2497 2445 4714
is_linear=0
shrinkage=0.0136729


Tree=66
num_leaves=8
num_cat=0
split_feature=0 0 1 2 3 1 2
split_gain=41.3933 7.82047 8.57008 6.98707 6.92462 6.35205 2.01959
threshold=7.5000000000000009 1.5000000000000002 3.5000000000000004 8.5000000000000018 13.500000000000002 5.5000000000000009 6.5000000000000009
decision_type=2 2 2 8 8 2 10
left_child=1 6 -3 5 -5 -2 -1
right_child=3 2 -4 4 -6 -7 -8
leaf_value=-0.007583845049635018 0.0015095802783818653 -0.0024617307352809877 0.012982384687693195 0.0098350622333317986 0.0031786069784028484 0.016506592593941227 0.0012510499187176928
leaf_weight=72.537630841135979 143.91697769239545 253.62420265749097 6.8998639881610861 58.718393601477146 58.151942368596792 5.4810203835368148 5.1827088482677928
leaf_count=2100 1880 5565 104 626 641 31 89
internal_value=0 -0.00318825 -0.0020527 0.00401876 0.00652297 0.00205978 -0.0069947
internal_weight=0 338.244 260.524 266.268 116.87 149.398 77.7203
internal_count=11036 7858 5669 3178 1267 1911 2189
is_linear=0
shrinkage=0.0136729


Tree=67
num_leaves=7
num_cat=0
split_feature=0 2 3 1 3 3
split_gain=40.2683 9.66677 10.0798 7.64344 5.79643 6.30485
threshold=9.5000000000000018 6.5000000000000009 8.5000000000000018 1.5000000000000002 82.500000000000014 22.500000000000004
decision_type=2 8 8 2 10 10
left_child=1 3 -3 -1 5 -2
right_child=4 2 -4 -5 -6 -7
leaf_value=-0.0056019837200746662 0.004938559993492222 0.0024213329638490461 -0.0041774813630465367 0.0042317783308694927 0.018226104911041055 -0.0028138091861141692
leaf_weight=184.201864708215 200.24559856206179 100.37056988477707 76.077427744865417 16.0653324611485 5.6312966123223296 21.741808712482452
leaf_count=4557 2216 2029 1631 322 50 231
internal_value=0 -0.00275724 -0.000423816 -0.00481312 0.0045268 0.00417928
internal_weight=0 376.715 176.448 200.267 227.619 221.987
internal_count=11036 8539 3660 4879 2497 2447
is_linear=0
shrinkage=0.0136729


Tree=68
num_leaves=8
num_cat=0
split_feature=0 0 2 1 0 2 2
split_gain=39.2782 7.72358 8.33908 6.75268 4.36449 3.86053 1.96778
threshold=7.5000000000000009 1.5000000000000002 5.5000000000000009 1.5000000000000002 86.500000000000014 9.5000000000000018 6.5000000000000009
decision_type=2 2 8 2 2 8 10
left_child=1 6 -3 4 -2 -5 -1
right_child=3 2 -4 5 -6 -7 -8
leaf_value=-0.0075137198379425637 0.0024719883203056527 -0.0046307787349202413 0.00028542889374577439 0.0051578649622462469 0.015007396171521784 0.012512611394962224 0.0011969015474900539
leaf_weight=71.831446420401335 207.17384313419461 120.31387964636087 139.05347384139895 32.792458981275558 5.326042763888835 22.495254524052143 5.1994011066853991
leaf_count=2100 2660 2935 2734 297 46 175 89
internal_value=0 -0.00312414 -0.00199507 0.00389366 0.00278617 0.00815034 -0.00692577
internal_weight=0 336.398 259.367 267.788 212.5 55.2877 77.0308
internal_count=11036 7858 5669 3178 2706 472 2189
is_linear=0
shrinkage=0.0136729


Tree=69
num_leaves=7
num_cat=0
split_feature=0 0 1 1 2 2
split_gain=38.1991 7.59941 8.21771 6.63209 7.00056 1.93813
threshold=7.5000000000000009 1.5000000000000002 3.5000000000000004 5.5000000000000009 5.5000000000000009 6.5000000000000009
decision_type=2 2 2 2 8 10
left_child=1 5 -3 4 -2 -1
right_child=3 2 -4 -5 -6 -7
leaf_value=-0.0074632739658419267 -0.00063123923196232242 -0.0023767999632303806 0.012667929193378029 0.014137385679102749 0.0046484729191075217 0.0011792911810145999
leaf_weight=71.331629898399115 61.777947835624218 251.9192770421505 6.9753881804645053 11.182324543595312 195.61112895980477 5.2048511393368235
leaf_count=2100 928 5565 104 60 2190 89
internal_value=0 -0.00309043 -0.00197145 0.00382909 0.00338125 -0.00687554
internal_weight=0 335.431 258.895 268.571 257.389 76.5365
internal_count=11036 7858 5669 3178 3118 2189
is_linear=0
shrinkage=0.0136729


Tree=70
num_leaves=8
num_cat=0
split_feature=0 0 2 1 2 3 2
split_gain=37.1514 7.47659 8.15806 6.49144 7.7828 3.78598 1.90879
threshold=7.5000000000000009 1.5000000000000002 5.5000000000000009 1.0000000180025095e-35 4.5000000000000009 1.0000000180025095e-35 6.5000000000000009
decision_type=2 2 8 2 8 10 10
left_child=1 6 -3 5 -5 -2 -1
right_child=3 2 -4 4 -6 -7 -8
leaf_value=-0.0074128446790518972 -0.00093578721571519591 -0.0045661223741206621 0.00030611894780336089 -0.0047366432427373793 0.0075411917671581365 0.0035118294334437077 0.0011619589255654121
leaf_weight=70.838340006768703 53.954117756336927 119.56409410759807 138.86601579189301 10.701137423515318 98.448660746216774 106.22697891294956 5.2102259099483481
leaf_count=2100 754 2935 2734 157 917 1350 89
internal_value=0 -0.00305698 -0.00194805 0.00376598 0.00633746 0.00201373 -0.00682537
internal_weight=0 334.479 258.43 269.331 109.15 160.181 76.0486
internal_count=11036 7858 5669 3178 1074 2104 2189
is_linear=0
shrinkage=0.0136729


Tree=71
num_leaves=7
num_cat=0
split_feature=0 2 3 1 0 3
split_gain=36.178 9.17641 9.8263 7.47001 5.39716 6.07277
threshold=9.5000000000000018 6.5000000000000009 8.5000000000000018 1.5000000000000002 87.500000000000014 13.500000000000002
decision_type=2 8 8 2 2 10
left_child=1 3 -3 -1 5 -2
right_child=4 2 -4 -5 -6 -7
leaf_value=-0.0054577005955059685 0.004926099963338054 0.0024331325303451339 -0.0040973809937645614 0.004282497858079372 0.016754205257290697 -0.0010210492026950645
leaf_weight=181.37657714635134 185.34583161026239 100.28343808278441 75.50655585154891 16.020244017243385 6.2737279757857314 38.822691470384598
leaf_count=4557 2037 2029 1631 322 52 408
internal_value=0 -0.0026439 -0.0003719 -0.00466721 0.0042462 0.00389614
internal_weight=0 373.187 175.79 197.397 230.442 224.169
internal_count=11036 8539 3660 4879 2497 2445
is_linear=0
shrinkage=0.0136729


Tree=72
num_leaves=7
num_cat=0
split_feature=0 0 1 1 2 2
split_gain=35.2594 7.38054 7.87941 6.30747 6.70734 1.85886
threshold=7.5000000000000009 1.5000000000000002 3.5000000000000004 5.5000000000000009 8.5000000000000018 6.5000000000000009
decision_type=2 2 2 2 8 10
left_child=1 5 -3 4 -2 -1
right_child=3 2 -4 -5 -6 -7
leaf_value=-0.0073430794965302325 0.0012730248562506897 -0.0022941674681929334 0.012362670622803508 0.013647732310793264 0.0057038021584554848 0.0011092317541461841
leaf_weight=70.165514726191759 145.76222727820277 250.28009767457843 7.050209265202283 11.305018559098242 113.69230921566486 5.226639997214078
leaf_count=2100 1880 5565 104 60 1238 89
internal_value=0 -0.00299486 -0.00189261 0.0036502 0.00321458 -0.00675711
internal_weight=0 332.722 257.33 270.76 259.455 75.3922
internal_count=11036 7858 5669 3178 3118 2189
is_linear=0
shrinkage=0.0136729


Tree=73
num_leaves=8
num_cat=0
split_feature=0 0 2 1 2 3 2
split_gain=34.2944 7.25935 7.84868 6.14803 7.42027 3.68343 1.83046
threshold=7.5000000000000009 1.5000000000000002 5.5000000000000009 1.0000000180025095e-35 4.5000000000000009 1.0000000180025095e-35 6.5000000000000009
decision_type=2 2 8 2 8 10 10
left_child=1 6 -3 5 -5 -2 -1
right_child=3 2 -4 4 -6 -7 -8
leaf_value=-0.0072927052820255045 -0.001014123646631489 -0.0044565508661273401 0.00033830231296823847 -0.0047407960357937094 0.0072418414137369307 0.0033601372233584164 0.0010929963481202145
leaf_weight=69.687476884573698 54.223016370087862 118.31136536598206 138.57502954080701 10.699849173426626 99.545998640358448 107.0202261544764 5.2317130565643302
leaf_count=2100 754 2935 2734 157 917 1350 89
internal_value=0 -0.00296219 -0.00187001 0.00359051 0.00607887 0.00188916 -0.00670712
internal_weight=0 331.806 256.886 271.489 110.246 161.243 74.9192
internal_count=11036 7858 5669 3178 1074 2104 2189
is_linear=0
shrinkage=0.0136729


Tree=74
num_leaves=7
num_cat=0
split_feature=0 0 1 3 3 2
split_gain=33.3708 8.92737 7.54914 5.2438 5.98273 4.52262
threshold=9.5000000000000018 2.5000000000000004 1.5000000000000002 82.500000000000014 22.500000000000004 6.5000000000000009
decision_type=2 2 2 10 10 10
left_child=1 5 -3 4 -2 -1
right_child=3 2 -4 -5 -6 -7
leaf_value=-0.0054479833668612185 0.004447384593882644 -0.00148696972266499 0.0069292927841569339 0.01682739103637328 -0.0030450994014482357 0.0016827858108519002
leaf_weight=163.37611325085163 204.55601944029331 166.10606967285275 22.639947276562452 5.8512804359197608 22.073804475367069 18.512219935655594
leaf_count=4392 2216 3496 329 50 231 322
internal_value=0 -0.00256057 -0.000477445 0.00404757 0.00371761 -0.00472223
internal_weight=0 370.634 188.746 232.481 226.63 181.888
internal_count=11036 8539 3825 2497 2447 4714
is_linear=0
shrinkage=0.0136729


Tree=75
num_leaves=7
num_cat=0
split_feature=0 0 2 1 2 2
split_gain=32.4647 7.08091 7.65765 5.99981 6.38528 1.77722
threshold=7.5000000000000009 1.5000000000000002 5.5000000000000009 5.5000000000000009 8.5000000000000018 6.5000000000000009
decision_type=2 2 8 2 8 10
left_child=1 5 -3 4 -2 -1
right_child=3 2 -4 -5 -6 -7
leaf_value=-0.0072045434931625064 0.0011609655666889294 -0.0043872008488042378 0.00035891190883673629 0.013174153032133254 0.0054659683078388489 0.0010524408187932712
leaf_weight=68.865186210721731 146.65439129248261 117.5298775434494 138.38627530261874 11.425207108259199 114.85491756349802 5.2444267049431792
leaf_count=2100 1880 2935 2734 60 1238 89
internal_value=0 -0.00289851 -0.00182075 0.00347545 0.00305172 -0.00662023
internal_weight=0 330.026 255.916 272.935 261.509 74.1096
internal_count=11036 7858 5669 3178 3118 2189
is_linear=0
shrinkage=0.0136729


Tree=76
num_leaves=8
num_cat=0
split_feature=0 2 3 1 0 3 3
split_gain=31.6137 8.67621 9.5615 7.22875 5.09241 4.53783 3.54802
threshold=9.5000000000000018 6.5000000000000009 8.5000000000000018 1.5000000000000002 59.500000000000007 22.500000000000004 48.500000000000007
decision_type=2 8 8 2 2 10 8
left_child=1 3 -3 -1 5 -2 -6
right_child=4 2 -4 -5 6 -7 -8
leaf_value=-0.005286356452437033 0.0039637351526854948 0.0024675424171607518 -0.0039950596239569976 0.0043100875656922298 0.017621360339762974 -0.0030467571794598582 0.0051875393567437523
leaf_weight=178.1240524686873 197.68444672971964 100.0630059838295 74.787453651428223 15.992127284407614 8.1543781533837336 18.912807360291481 9.054453067481516
leaf_count=4557 2146 2029 1631 322 70 206 75
internal_value=0 -0.00250584 -0.000296657 -0.00449576 0.00392038 0.00335159 0.0110793
internal_weight=0 368.967 174.85 194.116 233.806 216.597 17.2088
internal_count=11036 8539 3660 4879 2497 2352 145
is_linear=0
shrinkage=0.0136729


Tree=77
num_leaves=8
num_cat=0
split_feature=0 0 1 1 2 3 2
split_gain=30.8185 6.98605 7.45567 5.77812 7.05124 3.55754 1.72951
threshold=7.5000000000000009 1.5000000000000002 3.5000000000000004 1.0000000180025095e-35 4.5000000000000009 1.0000000180025095e-35 6.5000000000000009
decision_type=2 2 2 2 8 10 10
left_child=1 6 -3 5 -5 -2 -1
right_child=3 2 -4 4 -6 -7 -8
leaf_value=-0.0071353026513933165 -0.0011188388730614307 -0.0021649342088544401 0.012008486595725353 -0.0047744361091176515 0.006886872359030443 0.0031635541746882975 0.0010011522089559486
leaf_weight=68.231133125722408 54.58570397272706 247.74865773320198 7.1383503749966613 10.724416919052599 100.87523913383484 108.05998501554132 5.2605864927172652
leaf_count=2100 754 5565 104 157 917 1350 89
internal_value=0 -0.00283886 -0.00176799 0.00337031 0.00576625 0.00172634 -0.00655289
internal_weight=0 328.379 254.887 274.245 111.6 162.646 73.4917
internal_count=11036 7858 5669 3178 1074 2104 2189
is_linear=0
shrinkage=0.0136729


Tree=78
num_leaves=7
num_cat=0
split_feature=0 0 2 1 2 2
split_gain=29.9772 6.86834 7.36093 5.71314 6.06345 1.70265
threshold=7.5000000000000009 1.5000000000000002 5.5000000000000009 5.5000000000000009 8.5000000000000018 6.5000000000000009
decision_type=2 2 8 2 8 10
left_child=1 5 -3 4 -2 -1
right_child=3 2 -4 -5 -6 -7
leaf_value=-0.0070850730188079074 0.0010634633088003206 -0.0042804706271564116 0.00038754616463405699 0.01273365262395147 0.0052424526476206774 0.00098659324049096115
leaf_weight=67.778438407927752 147.42941921204329 116.34732351824641 138.12803367897868 11.536703288555143 115.96359104663134 5.2651904076337805
leaf_count=2100 1880 2935 2734 60 1238 89
internal_value=0 -0.0028075 -0.00174669 0.00331584 0.00290334 -0.00650324
internal_weight=0 327.519 254.475 274.93 263.393 73.0436
internal_count=11036 7858 5669 3178 3118 2189
is_linear=0
shrinkage=0.0136729


Tree=79
num_leaves=7
num_cat=0
split_feature=0 0 2 3 3 2
split_gain=29.1716 8.4355 7.0351 4.91778 5.65787 4.22175
threshold=9.5000000000000018 2.5000000000000004 6.5000000000000009 82.500000000000014 22.500000000000004 6.5000000000000009
decision_type=2 2 8 10 10 10
left_child=1 5 -3 4 -2 -1
right_child=3 2 -4 -5 -6 -7
leaf_value=-0.0052665058422661053 0.0041226695134538921 -0.0028534137908158169 0.0024557197161518235 0.015965112238901388 -0.0031389808102805484 0.0016183107866190286
leaf_weight=160.24923776835203 207.49546571820974 101.03797506913543 86.698360051959753 5.9948832467198363 22.205514028668404 18.581380676478148
leaf_count=4392 2216 2289 1536 50 231 322
internal_value=0 -0.00242597 -0.000401607 0.00373974 0.00342068 -0.00455114
internal_weight=0 366.567 187.736 235.696 229.701 178.831
internal_count=11036 8539 3825 2497 2447 4714
is_linear=0
shrinkage=0.0136729


Tree=80
num_leaves=7
num_cat=0
split_feature=0 0 1 1 2 2
split_gain=28.3932 6.69331 7.1817 5.50531 5.83098 1.65222
threshold=7.5000000000000009 1.5000000000000002 3.5000000000000004 5.5000000000000009 5.5000000000000009 6.5000000000000009
decision_type=2 2 2 2 8 10
left_child=1 5 -3 4 -2 -1
right_child=3 2 -4 -5 -6 -7
leaf_value=-0.006997384137578804 -0.00083938430512929681 -0.0020939676149988621 0.01175774221931138 0.012424924784725443 0.0039369526646338407 0.00094877515152210856
leaf_weight=67.001371245831251 62.58355613052845 246.37922992184758 7.2020792402327052 11.615435004234312 202.05318713188171 5.2771849222481242
leaf_count=2100 928 5565 104 60 2190 89
internal_value=0 -0.00274676 -0.00170056 0.00321179 0.0028074 -0.00641722
internal_weight=0 325.86 253.581 276.252 264.637 72.2786
internal_count=11036 7858 5669 3178 3118 2189
is_linear=0
shrinkage=0.0136729


end of trees

feature_importances:
hospital_stay=180
classe_meds_qtde=173
admission_pre_t0_count=143
equipe_multiprof=41

parameters:
[boosting: gbdt]
[objective: binary]
[metric: binary_logloss]
[tree_learner: serial]
[device_type: cpu]
[data: ]
[valid: ]
[num_iterations: 81]
[learning_rate: 0.0136729]
[num_leaves: 8]
[num_threads: 0]
[deterministic: 1]
[force_col_wise: 0]
[force_row_wise: 0]
[histogram_pool_size: -1]
[max_depth: 3]
[min_data_in_leaf: 60]
[min_sum_hessian_in_leaf: 0.001]
[bagging_fraction: 1]
[pos_bagging_fraction: 1]
[neg_bagging_fraction: 1]
[bagging_freq: 0]
[bagging_seed: 32025]
[feature_fraction: 1]
[feature_fraction_bynode: 1]
[feature_fraction_seed: 12553]
[extra_trees: 0]
[extra_seed: 15233]
[early_stopping_round: 0]
[first_metric_only: 0]
[max_delta_step: 0]
[lambda_l1: 0]
[lambda_l2: 0]
[linear_lambda: 0]
[min_gain_to_split: 0]
[drop_rate: 0.1]
[max_drop: 50]
[skip_drop: 0.5]
[xgboost_dart_mode: 0]
[uniform_drop: 0]
[drop_seed: 14439]
[top_rate: 0.2]
[other_rate: 0.1]
[min_data_per_group: 100]
[max_cat_threshold: 32]
[cat_l2: 10]
[cat_smooth: 10]
[max_cat_to_onehot: 4]
[top_k: 20]
[monotone_constraints: ]
[monotone_constraints_method: basic]
[monotone_penalty: 0]
[feature_contri: ]
[forcedsplits_filename: ]
[refit_decay_rate: 0.9]
[cegb_tradeoff: 1]
[cegb_penalty_split: 0]
[cegb_penalty_feature_lazy: ]
[cegb_penalty_feature_coupled: ]
[path_smooth: 0]
[interaction_constraints: ]
[verbosity: -1]
[saved_feature_importance_type: 0]
[linear_tree: 0]
[max_bin: 255]
[max_bin_by_feature: ]
[min_data_in_bin: 3]
[bin_construct_sample_cnt: 200000]
[data_random_seed: 14639]
[is_enable_sparse: 1]
[enable_bundle: 1]
[use_missing: 1]
[zero_as_missing: 0]
[feature_pre_filter: 0]
[pre_partition: 0]
[two_round: 0]
[header: 0]
[label_column: ]
[weight_column: ]
[group_column: ]
[ignore_column: ]
[categorical_feature: ]
[forcedbins_filename: ]
[precise_float_parser: 0]
[objective_seed: 18545]
[num_class: 1]
[is_unbalance: 0]
[scale_pos_weight: 1]
[sigmoid: 1]
[boost_from_average: 1]
[reg_sqrt: 0]
[alpha: 0.9]
[fair_c: 1]
[poisson_max_delta_step: 0.7]
[tweedie_variance_power: 1.5]
[lambdarank_truncation_level: 30]
[lambdarank_norm: 1]
[label_gain: ]
[eval_at: ]
[multi_error_top_k: 1]
[auc_mu_weights: ]
[num_machines: 1]
[local_listen_port: 12400]
[time_out: 120]
[machine_list_filename: ]
[machines: ]
[gpu_platform_id: -1]
[gpu_device_id: -1]
[gpu_use_dp: 0]
[num_gpu: 1]

end of parameters
