tree
version=v3
num_class=1
num_tree_per_iteration=1
label_index=0
max_feature_idx=13
objective=binary sigmoid:1
feature_names=hospital_stay admission_pre_t0_count digoxina meds_antimicrobianos bic icu_t0 antiarritmico anticonvulsivante comorbidities_count procedure_type_new_X2 procedure_type_new_X3 procedure_type_new_.merged prior_mi_X1 prior_mi_.merged
feature_infos=[0:241] [0:38] [0:50] [0:1626] [0:1527] [0:191.94999999999999] [0:844] [0:390] [0:8] [0:1] [0:1] [0:1] [0:1] none
tree_sizes=854 869 865 869 968 978 982 863 872 974 983 865 774 866 999 992 772 872 768 993 874 972 972 986 771 977 985 985 779 975 981 885 986 983 775 987 980 882 985 987 984 985 876 880 874 887 984 680 675 671 681 572 679 570 678 669 571 572 567 568 777 681 567 569 667 677 667 569 681 671 680 569 569 778 568 568 684 672 670 568 880 685 570 886 882 681 569 878 568 571 571 571 878 685 570 569 878 569 682 884 677 880 572 780 687 992 682 572 569 881 571 779 569 570 995 572 885 571 571 684

Tree=0
num_leaves=7
num_cat=0
split_feature=0 1 0 5 2 3
split_gain=165.415 71.3134 28.2797 18.7709 16.6007 7.21439
threshold=9.5000000000000018 5.5000000000000009 60.500000000000007 3.1350000000000002 1.0000000180025095e-35 5.5000000000000009
decision_type=2 2 2 2 10 8
left_child=3 2 -2 4 -1 -5
right_child=1 -3 -4 5 -6 -7
leaf_value=-3.2663632051660545 -3.207361832222011 -2.9580754475540831 -3.0974299922977417 -3.1595642205045475 -3.2090825426923582 -3.2327372763359743
leaf_weight=287.67567864060402 81.735050693154335 2.3414624482393256 4.6829248964786521 3.9264524132013294 9.9061872810125333 7.2765448391437539
leaf_count=7986 2269 65 130 109 275 202
internal_value=-3.24733 -3.19499 -3.2014 -3.26238 -3.26446 -3.20709
internal_weight=0 88.7594 86.418 308.785 297.582 11.203
internal_count=11036 2464 2399 8572 8261 311
is_linear=0
shrinkage=1


Tree=1
num_leaves=7
num_cat=0
split_feature=0 1 0 2 5 0
split_gain=146.397 54.9899 23.5127 12.7825 12.8926 2.74021
threshold=7.5000000000000009 5.5000000000000009 60.500000000000007 1.0000000180025095e-35 3.1350000000000002 2.5000000000000004
decision_type=2 2 2 10 2 2
left_child=3 2 -2 4 -1 -5
right_child=1 -3 -4 5 -6 -7
leaf_value=-0.020504955158084828 0.031287542636598754 0.21477439155468114 0.12450604594490221 0.011804672667135974 0.035183555241978186 0.058847831893470065
leaf_weight=262.86571746692061 108.57166715711355 3.340288531035184 5.374978855252265 5.3364668898284418 8.1115007475018484 4.1788042895495892
leaf_count=7427 2934 73 130 143 217 112
internal_value=0 0.0407852 0.0356848 -0.0170976 -0.018838 0.0324645
internal_weight=0 117.287 113.947 280.492 270.977 9.51527
internal_count=11036 3137 3064 7899 7644 255
is_linear=0
shrinkage=0.0435058


Tree=2
num_leaves=7
num_cat=0
split_feature=0 1 3 1 5 0
split_gain=130.829 38.1159 19.2382 11.9308 12.4985 11.3325
threshold=7.5000000000000009 5.5000000000000009 13.500000000000002 3.5000000000000004 3.3550000000000004 2.5000000000000004
decision_type=2 2 10 2 2 2
left_child=3 2 -2 4 -1 -5
right_child=1 -3 -4 5 -6 -7
leaf_value=-0.019502427525512591 0.021533052243569266 0.1687946956099991 0.059974730669087921 -0.0063387893977720359 0.038260175900901763 0.11726659065646471
leaf_weight=263.04021252691746 82.661844681948423 4.0462798289954653 35.105260673910379 3.3629846274852744 7.2866386249661437 2.4100316688418388
leaf_count=7547 2167 73 897 96 189 67
internal_value=0 0.0375031 0.0329922 -0.0166238 -0.0179454 0.0452621
internal_weight=0 121.813 117.767 276.1 270.327 5.77302
internal_count=11036 3137 3064 7899 7736 163
is_linear=0
shrinkage=0.0435058


Tree=3
num_leaves=7
num_cat=0
split_feature=0 1 4 5 2 6
split_gain=117.486 25.4297 17.2984 16.1558 13.5573 13.4349
threshold=9.5000000000000018 3.5000000000000004 1.5000000000000002 23.255000000000003 1.0000000180025095e-35 1.0000000180025095e-35
decision_type=2 2 10 2 10 8
left_child=2 3 4 -2 -1 -3
right_child=1 5 -4 -5 -6 -7
leaf_value=-0.01654114382383837 0.029570141282933907 0.05515279977071031 0.10430272656343384 0.10240739628372914 0.033965571502501998 0.17260389201302162
leaf_weight=284.60114657506347 87.043755147606134 3.4384568408131591 2.3280512392520896 6.1726435087621203 10.427879098802803 3.973712645471096
leaf_count=8233 2179 70 65 142 274 73
internal_value=0 0.0405604 -0.0138238 0.0343933 -0.014756 0.118119
internal_weight=0 100.629 297.357 93.2164 295.029 7.41217
internal_count=11036 2464 8572 2321 8507 143
is_linear=0
shrinkage=0.0435058


Tree=4
num_leaves=8
num_cat=0
split_feature=0 1 6 3 1 5 0
split_gain=106.95 27.6339 25.991 13.452 10.8269 11.5789 8.90422
threshold=7.5000000000000009 1.0000000180025095e-35 23.500000000000004 13.500000000000002 3.5000000000000004 3.3550000000000004 2.5000000000000004
decision_type=2 2 8 10 2 2 2
left_child=4 3 -3 -2 5 -1 -6
right_child=1 2 -4 -5 6 -7 -8
leaf_value=-0.018640256901781588 0.0057725360051314222 0.038949801781632543 0.11142952648636024 0.04379779242692295 -0.0056022153722485504 0.036385306162369312 0.10123657861533172
leaf_weight=254.9896888025105 57.83108226582408 33.444300893694162 13.006287816911934 25.318263813853264 3.3028872683644286 7.449689380824565 2.6701256185770035
leaf_count=7547 1463 789 292 593 96 189 67
internal_value=0 0.0323661 0.0592443 0.0173509 -0.0157601 -0.0170783 0.0421581
internal_weight=0 129.6 46.4506 83.1493 268.412 262.439 5.97301
internal_count=11036 3137 1081 2056 7899 7736 163
is_linear=0
shrinkage=0.0435058


Tree=5
num_leaves=8
num_cat=0
split_feature=0 1 6 3 2 5 0
split_gain=96.2756 22.7896 20.443 11.5537 10.9169 9.99072 2.08137
threshold=7.5000000000000009 1.0000000180025095e-35 23.500000000000004 13.500000000000002 1.0000000180025095e-35 2.0550000000000002 2.5000000000000004
decision_type=2 2 10 10 10 2 2
left_child=4 3 -3 -2 5 -1 -6
right_child=1 2 -4 -5 6 -7 -8
leaf_value=-0.019155460406918828 0.0054915812700250411 0.04122259516761493 0.11732522045085451 0.040221952417363094 0.011331239495108919 0.018154955553091094 0.051449035194392853
leaf_weight=240.25219123065472 58.138028718531132 41.037179119884968 7.9801788143813601 26.345523007214069 5.3796373195946199 14.398181352764366 4.4913593046367168
leaf_count=7260 1463 927 154 593 143 384 112
internal_value=0 0.0300138 0.0536123 0.016322 -0.0153058 -0.0170459 0.0295851
internal_weight=0 133.501 49.0174 84.4836 264.521 254.65 9.871
internal_count=11036 3137 1081 2056 7899 7644 255
is_linear=0
shrinkage=0.0435058


Tree=6
num_leaves=8
num_cat=0
split_feature=0 1 6 2 3 5 9
split_gain=86.8487 18.9823 16.0443 10.0103 9.97199 9.38055 2.03738
threshold=7.5000000000000009 1.0000000180025095e-35 17.500000000000004 1.0000000180025095e-35 13.500000000000002 3.1350000000000002 1.0000000180025095e-35
decision_type=2 2 8 10 10 2 2
left_child=3 4 -3 5 -2 -1 -5
right_child=1 2 -4 6 -6 -7 -8
leaf_value=-0.018196621679264197 0.0052256950432185449 0.031933004866916553 0.08380397695102984 0.01503407119700057 0.037066725533562321 0.027045155049429101 0.057978574579287831
leaf_weight=241.64406072720885 58.431411921977997 34.71103522926569 16.724953766912222 7.1962455511093122 27.321466963738203 8.997459873557089 2.9473972171545029
leaf_count=7427 1463 762 319 179 593 217 76
internal_value=0 0.0279039 0.0487994 -0.0148578 0.0153705 -0.0165725 0.0275123
internal_weight=0 137.189 51.436 260.785 85.7529 250.642 10.1436
internal_count=11036 3137 1081 7899 2056 7644 255
is_linear=0
shrinkage=0.0435058


Tree=7
num_leaves=7
num_cat=0
split_feature=0 7 4 1 5 3
split_gain=78.4868 18.0124 17.4253 9.81685 9.30483 6.96356
threshold=7.5000000000000009 30.500000000000004 3.5000000000000004 3.5000000000000004 3.3550000000000004 10.500000000000002
decision_type=2 10 10 2 2 8
left_child=3 2 -2 4 -1 -5
right_child=1 -3 -4 5 -6 -7
leaf_value=-0.017265543337668925 0.021422247645045835 0.13314410466130572 0.12710178364328467 0.080920896665199082 0.030340925668884612 -0.012687728929659635
leaf_weight=243.05921884253621 134.75617458298802 2.9084161296486846 3.0193680673837653 3.4448570981621733 8.0275415293872339 2.6699741072952747
leaf_count=7547 3018 54 65 90 189 73
internal_value=0 0.026 0.0237382 -0.0144171 -0.0157435 0.0400477
internal_weight=0 140.684 137.776 257.202 251.087 6.11483
internal_count=11036 3137 3083 7899 7736 163
is_linear=0
shrinkage=0.0435058


Tree=8
num_leaves=7
num_cat=0
split_feature=0 1 7 2 5 0
split_gain=71.0335 15.9457 13.2397 9.26098 8.34658 1.80603
threshold=7.5000000000000009 5.5000000000000009 27.500000000000004 1.0000000180025095e-35 2.0550000000000002 2.5000000000000004
decision_type=2 2 10 10 2 2
left_child=3 2 -2 4 -1 -5
right_child=1 -3 -4 5 -6 -7
leaf_value=-0.017751125071366551 0.019177800042673047 0.092635161892871964 0.11095695345292111 0.0095833905869603473 0.015831315189095117 0.046147530282794995
leaf_weight=228.56038680672646 134.81121871247888 6.1801486089825621 3.0421032384037963 5.5448445901274663 14.922652143985031 4.744820736348629
leaf_count=7260 3010 73 54 143 384 112
internal_value=0 0.0242681 0.0212032 -0.0139844 -0.0156929 0.026444
internal_weight=0 144.033 137.853 253.773 243.483 10.2897
internal_count=11036 3137 3064 7899 7644 255
is_linear=0
shrinkage=0.0435058


Tree=9
num_leaves=8
num_cat=0
split_feature=0 1 6 1 8 3 0
split_gain=64.3882 14.5204 12.1986 8.87302 8.91355 8.02035 6.4892
threshold=7.5000000000000009 1.0000000180025095e-35 23.500000000000004 3.5000000000000004 4.5000000000000009 13.500000000000002 2.5000000000000004
decision_type=2 2 8 2 2 10 2
left_child=3 5 -3 4 -1 -2 -5
right_child=1 2 -4 6 -6 -7 -8
leaf_value=-0.015976604141577519 0.0029124707569269698 0.026480335726493453 0.070218128931328658 -0.005160330107321978 0.047821598906841269 0.030507807958729871 0.083177385711948701
leaf_weight=239.9570971429348 61.106460209935904 39.001282013952732 17.478458311408758 3.2667576596140853 4.2178946025669566 29.587406076490879 3.0374108254909515
leaf_count=7604 1463 789 292 96 132 593 67
internal_value=0 0.022699 0.0400156 -0.0135588 -0.0148745 0.011915 0.0374017
internal_weight=0 147.174 56.4797 250.479 244.175 90.6939 6.30417
internal_count=11036 3137 1081 7899 7736 2056 163
is_linear=0
shrinkage=0.0435058


Tree=10
num_leaves=8
num_cat=0
split_feature=0 1 0 2 5 5 9
split_gain=58.424 12.4132 10.5753 8.49077 7.78478 7.31607 1.76459
threshold=7.5000000000000009 1.0000000180025095e-35 30.500000000000004 1.0000000180025095e-35 2.0550000000000002 29.920000000000005 1.0000000180025095e-35
decision_type=2 2 2 10 2 2 2
left_child=3 5 -3 4 -1 -2 -5
right_child=1 2 -4 6 -6 -7 -8
leaf_value=-0.016886117532928686 0.0087499026795738368 0.027337885231390396 0.072633078281321484 0.013618343098809837 0.015497466274945061 0.071233591451911993 0.05274514062277097
leaf_weight=221.87277183867991 87.976816888898611 46.119738329201937 12.373883102089165 7.3607679791748506 15.000378500670193 3.6958139203488818 3.1006964929401875
leaf_count=7260 1993 880 201 179 384 63 76
internal_value=0 0.0212606 0.0369197 -0.0131414 -0.0148354 0.011269 0.0252152
internal_weight=0 150.166 58.4936 247.335 236.873 91.6726 10.4615
internal_count=11036 3137 1081 7899 7644 2056 255
is_linear=0
shrinkage=0.0435058


Tree=11
num_leaves=7
num_cat=0
split_feature=0 1 7 1 8 3
split_gain=53.0655 11.2787 11.159 8.03001 8.06984 5.53018
threshold=7.5000000000000009 5.5000000000000009 30.500000000000004 3.5000000000000004 4.5000000000000009 10.500000000000002
decision_type=2 2 10 2 2 8
left_child=3 2 -2 4 -1 -5
right_child=1 -3 -4 5 -6 -7
leaf_value=-0.015129858826431707 0.015491950667156669 0.073498695828542029 0.095815303828775983 0.068780699017947491 0.044548804710034501 -0.012839748674794118
leaf_weight=233.4608543869108 142.56773630157113 7.0972278639674178 3.3506017811596385 3.8022217229008666 4.3689093254506579 2.6777619570493698
leaf_count=7604 3014 73 50 90 132 73
internal_value=0 0.0199413 0.0173363 -0.0127316 -0.0140336 0.0350522
internal_weight=0 153.016 145.918 244.31 237.83 6.47998
internal_count=11036 3137 3064 7899 7736 163
is_linear=0
shrinkage=0.0435058


Tree=12
num_leaves=6
num_cat=0
split_feature=0 4 2 6 1
split_gain=48.4931 14.0736 9.03611 8.54403 7.78967
threshold=9.5000000000000018 1.5000000000000002 1.0000000180025095e-35 89.500000000000014 3.5000000000000004
decision_type=2 10 10 10 2
left_child=1 2 -1 4 -2
right_child=3 -3 -4 -5 -6
leaf_value=-0.013230751657020725 0.016427393695307088 0.091251415069290839 0.026139537924893371 0.078840692874742241 0.055676688285801162
leaf_weight=256.19033866934478 111.57002497836947 2.5452818125486365 11.530773654580114 4.8216882199048987 10.468881595879791
leaf_count=8233 2257 65 274 73 134
internal_value=0 -0.0105671 -0.0115351 0.0220385 0.0197943
internal_weight=0 270.266 267.721 126.861 122.039
internal_count=11036 8572 8507 2464 2391
is_linear=0
shrinkage=0.0435058


Tree=13
num_leaves=7
num_cat=0
split_feature=0 4 5 1 5 0
split_gain=44.4714 9.77783 11.0421 7.27929 7.95368 5.01158
threshold=7.5000000000000009 3.5000000000000004 42.370000000000012 3.5000000000000004 3.3550000000000004 2.5000000000000004
decision_type=2 10 2 2 2 2
left_child=3 2 -2 4 -1 -5
right_child=1 -3 -4 5 -6 -7
leaf_value=-0.014811746520472928 0.014169722539636862 0.085254338116426451 0.089139865495256251 -0.0053779941363198075 0.028856650885744559 0.070154564938446004
leaf_weight=224.18279403634369 150.1364279948175 3.9610363766551009 3.8129654191434375 3.2821629680693141 8.182711720466612 3.3695819526910782
leaf_count=7547 3018 68 51 96 189 67
internal_value=0 0.0177631 0.0160266 -0.0119894 -0.013274 0.0328846
internal_weight=0 157.91 153.949 239.017 232.366 6.65174
internal_count=11036 3137 3069 7899 7736 163
is_linear=0
shrinkage=0.0435058


Tree=14
num_leaves=8
num_cat=0
split_feature=0 1 6 2 9 3 9
split_gain=40.4878 9.30731 9.05157 7.12408 6.98544 5.99761 1.46073
threshold=7.5000000000000009 1.0000000180025095e-35 1.0000000180025095e-35 1.0000000180025095e-35 1.0000000180025095e-35 13.500000000000002 1.0000000180025095e-35
decision_type=2 2 8 10 2 10 2
left_child=3 5 -3 4 -1 -2 -5
right_child=1 2 -4 6 -6 -7 -8
leaf_value=-0.0079167782153860364 0.00049142299244180271 0.012728421948162639 0.045521480138909873 0.012339615377493013 -0.024234818328667262 0.023440811837943488 0.047123879599452266
leaf_weight=151.73397108539939 64.160198800265789 30.939415656030178 32.843020312488079 7.5150882415473443 73.806253556162119 32.458172954618931 3.2834465689957142
leaf_count=5115 1463 570 511 179 2529 593 76
internal_value=0 0.0167159 0.0296143 -0.011604 -0.0132567 0.00820109 0.0229163
internal_weight=0 160.401 63.7824 236.339 225.54 96.6184 10.7985
internal_count=11036 3137 1081 7899 7644 2056 255
is_linear=0
shrinkage=0.0435058


Tree=15
num_leaves=8
num_cat=0
split_feature=0 1 6 0 1 6 3
split_gain=36.8846 8.11484 7.67349 6.75492 10.6153 8.26002 5.32872
threshold=7.5000000000000009 1.0000000180025095e-35 1.0000000180025095e-35 2.5000000000000004 2.5000000000000004 0.75000000000000011 13.500000000000002
decision_type=2 2 8 2 2 10 10
left_child=3 6 -3 5 -5 -1 -2
right_child=1 2 -4 4 -6 -7 -8
leaf_value=-0.020617464959035221 0.00046982522502174591 0.012036287800703748 0.041865911130381551 -0.0060001228943192576 0.055917720412491004 0.018831946173002552 0.021952903785840298
leaf_weight=125.6721044164151 64.188814032822847 31.287121206521988 34.126909606158733 91.631926044821739 5.5586599987000218 10.918858492746947 33.134603761136532
leaf_count=4355 1463 570 511 3050 128 366 593
internal_value=0 0.0157486 0.0275986 -0.0112258 -0.00245883 -0.0174639 0.00778393
internal_weight=0 162.737 65.414 233.782 97.1906 136.591 97.3234
internal_count=11036 3137 1081 7899 3178 4721 2056
is_linear=0
shrinkage=0.0435058


Tree=16
num_leaves=6
num_cat=0
split_feature=0 4 0 7 1
split_gain=33.6494 11.5137 7.89781 6.31606 6.90249
threshold=9.5000000000000018 1.5000000000000002 2.5000000000000004 39.500000000000007 3.5000000000000004
decision_type=2 10 2 10 2
left_child=1 2 -1 4 -2
right_child=3 -3 -4 -5 -6
leaf_value=-0.017565323399805332 0.012723502675773169 0.078426677620231325 -0.0023315030325036135 0.074955941644170285 0.047055305773742388
leaf_weight=134.02544642798603 119.70875901728868 2.8018353320658198 124.0202898774296 3.5195137783884993 12.215317539870737
leaf_count=4711 2285 65 3796 41 138
internal_value=0 -0.00929131 -0.0102437 0.0174369 0.0159024
internal_weight=0 260.848 258.046 135.444 131.924
internal_count=11036 8572 8507 2464 2423
is_linear=0
shrinkage=0.0435058


Tree=17
num_leaves=7
num_cat=0
split_feature=0 4 0 2 5 0
split_gain=30.7844 7.48161 8.73433 6.47701 6.75334 1.30344
threshold=7.5000000000000009 3.5000000000000004 60.500000000000007 1.0000000180025095e-35 2.0550000000000002 2.5000000000000004
decision_type=2 10 2 10 2 2
left_child=3 2 -2 4 -1 -5
right_child=1 -3 -4 5 -6 -7
leaf_value=-0.014212828543277678 0.010010345281784435 0.069523147460266652 0.053014815461525519 0.0078784034359819181 0.016202603084591649 0.037997025707350134
leaf_weight=203.35201180353761 152.9958796389401 4.4786312095820895 9.4938521087169629 5.7146698124706727 14.824650127440689 5.189309898763895
leaf_count=7260 2945 68 124 143 384 112
internal_value=0 0.0140519 0.012523 -0.0105107 -0.0121462 0.0222121
internal_weight=0 166.968 162.49 229.081 218.177 10.904
internal_count=11036 3137 3069 7899 7644 255
is_linear=0
shrinkage=0.0435058


Tree=18
num_leaves=6
num_cat=0
split_feature=0 4 1 2 6
split_gain=28.0923 9.70714 7.73167 6.01617 8.30323
threshold=9.5000000000000018 1.5000000000000002 2.5000000000000004 6.2500000000000009 89.500000000000014
decision_type=2 10 2 10 10
left_child=1 2 -1 4 -2
right_child=3 -3 -4 -5 -6
leaf_value=-0.011472420263162104 0.01502102240916948 0.068669197250120217 0.021474085949765551 -0.036611716691332112 0.071795800868560258
leaf_weight=239.30330530367792 130.08457998931408 3.0338066406548014 14.286709630861877 4.0582023635506621 5.0654802322387686
leaf_count=8121 2334 65 386 64 66
internal_value=0 -0.00869079 -0.00961629 0.0155817 0.017149
internal_weight=0 256.624 253.59 139.208 135.15
internal_count=11036 8572 8507 2464 2400
is_linear=0
shrinkage=0.0435058


Tree=19
num_leaves=8
num_cat=0
split_feature=0 1 6 2 9 0 9
split_gain=25.9287 6.40522 6.22728 5.9138 6.59368 4.27358 1.34188
threshold=7.5000000000000009 1.0000000180025095e-35 16.500000000000004 1.0000000180025095e-35 1.0000000180025095e-35 18.500000000000004 1.0000000180025095e-35
decision_type=2 2 8 10 2 2 2
left_child=3 5 -3 4 -1 -2 -5
right_child=1 2 -4 6 -6 -7 -8
leaf_value=-0.0062108010794284961 -0.0014808525112540191 0.012998769430483172 0.040087593413553869 0.011072831235888649 -0.022576214399198442 0.016874702709077056 0.04391858721582733
leaf_weight=145.24033582210541 61.892069719731808 44.446905303746462 25.152046866714954 7.6720600239932519 68.610818903893232 39.221697516739368 3.3964650072157383
leaf_count=5115 1343 752 329 179 2529 713 76
internal_value=0 0.0126308 0.0227883 -0.00985646 -0.0114614 0.00563921 0.0211518
internal_weight=0 170.713 69.599 224.92 213.851 101.114 11.0685
internal_count=11036 3137 1081 7899 7644 2056 255
is_linear=0
shrinkage=0.0435058


Tree=20
num_leaves=7
num_cat=0
split_feature=0 4 5 8 1 1
split_gain=23.6763 5.90911 7.13028 5.89633 7.10589 0.0451571
threshold=7.5000000000000009 3.5000000000000004 29.920000000000005 4.5000000000000009 3.5000000000000004 1.0000000180025095e-35
decision_type=2 10 2 2 2 2
left_child=3 2 -2 4 -1 -5
right_child=1 -3 -4 5 -6 -7
leaf_value=-0.011932539792475568 0.0085825483664038818 0.059025598405011578 0.05107762661758309 0.034351601812176683 0.034173892706900515 0.042931270711291394
leaf_weight=211.65840637125075 159.80175583437085 4.9028234407305709 7.8401510156691065 2.1914050243794909 6.5218337997794142 2.4697117377072573
leaf_count=7604 2976 68 93 68 153 74
internal_value=0 0.0119468 0.0105699 -0.00951996 -0.0105543 0.0388976
internal_weight=0 172.545 167.642 222.841 218.18 4.66112
internal_count=11036 3137 3069 7899 7757 142
is_linear=0
shrinkage=0.0435058


Tree=21
num_leaves=8
num_cat=0
split_feature=0 1 3 6 4 8 8
split_gain=22.4759 12.8914 13.9298 8.00063 7.54982 6.49821 3.95668
threshold=2.5000000000000004 2.5000000000000004 2.5000000000000004 0.75000000000000011 3.5000000000000004 4.5000000000000009 2.5000000000000004
decision_type=2 2 8 10 10 2 2
left_child=3 4 -3 5 -2 -1 -5
right_child=1 2 -4 6 -6 -7 -8
leaf_value=-0.019951760093187242 0.002558507247125778 0.09814150522608113 0.019985778057189835 0.0072650517146698118 0.05358074501279067 0.056550196945949191 0.072607467005248116
leaf_weight=114.06731417961419 235.12483362294734 5.3526200763881233 22.295451868325472 8.3438911996781808 5.6204452738165847 2.1410099286586037 2.220889860764145
leaf_count=4289 5834 77 315 291 89 66 75
internal_value=0 0.00698088 0.0351166 -0.0152469 0.00374967 -0.0185423 0.0210011
internal_weight=0 268.393 27.6481 126.773 240.745 116.208 10.5648
internal_count=11036 6315 392 4721 5923 4355 366
is_linear=0
shrinkage=0.0435058


Tree=22
num_leaves=8
num_cat=0
split_feature=0 1 3 6 5 8 8
split_gain=20.7409 11.3337 11.1993 7.40499 7.30553 5.84364 3.2802
threshold=2.5000000000000004 2.5000000000000004 2.5000000000000004 0.75000000000000011 23.255000000000003 4.5000000000000009 2.5000000000000004
decision_type=2 2 8 10 2 2 2
left_child=3 4 -3 5 -2 -1 -5
right_child=1 2 -4 6 -6 -7 -8
leaf_value=-0.019455353710974888 0.0019589523336631669 0.086594746005038928 0.018804269329730235 0.0069006725520942324 0.039035318066821638 0.051257509514449649 0.064790207159736962
leaf_weight=111.93623114936054 231.0333067458123 5.7917111106216934 22.657048214226961 8.4009956717491132 10.516813203692434 2.2565684150904408 2.3768106661736956
leaf_count=4289 5786 77 315 291 137 66 75
internal_value=0 0.00663222 0.0326053 -0.0148045 0.00357321 -0.018058 0.0196669
internal_weight=0 269.999 28.4488 124.971 241.55 114.193 10.7778
internal_count=11036 6315 392 4721 5923 4355 366
is_linear=0
shrinkage=0.0435058


Tree=23
num_leaves=8
num_cat=0
split_feature=0 1 3 6 3 8 8
split_gain=19.1394 10.1728 10.4803 6.85745 6.40568 5.27716 2.74627
threshold=2.5000000000000004 1.0000000180025095e-35 1.0000000180025095e-35 0.75000000000000011 11.500000000000002 4.5000000000000009 2.5000000000000004
decision_type=2 2 8 10 10 2 2
left_child=3 4 -3 5 -2 -1 -5
right_child=1 2 -4 6 -6 -7 -8
leaf_value=-0.018962590828921776 -0.0046474475520347728 0.063261360189393046 0.013149687628544324 0.0065568815230224314 0.014737082093257312 0.046703912814992171 0.058265889131199906
leaf_weight=109.89429303817451 132.68484018929303 8.6832254342734796 87.500821547582746 8.4555733092129213 42.633976055309176 2.3662374019622794 2.5244324915111056
leaf_count=4289 3764 172 1599 291 780 66 75
internal_value=0 0.00630408 0.0176736 -0.014369 6.64764e-05 -0.0175785 0.0184454
internal_weight=0 271.503 96.184 123.241 175.319 112.261 10.98
internal_count=11036 6315 1771 4721 4544 4355 366
is_linear=0
shrinkage=0.0435058


Tree=24
num_leaves=6
num_cat=0
split_feature=0 4 1 2 6
split_gain=17.7777 9.46349 6.6139 5.32944 6.05034
threshold=9.5000000000000018 4.5000000000000009 2.5000000000000004 6.2500000000000009 89.500000000000014
decision_type=2 10 2 10 10
left_child=1 2 -1 4 -2
right_child=3 -3 -4 -5 -6
leaf_value=-0.0098779623912327325 0.011387674650202479 0.088822314653112633 0.019688105418451379 -0.036956189805673105 0.057046844083173773
leaf_weight=229.92367166467011 137.57161512598395 1.9242543913424004 15.271927544847129 4.1234440580010405 5.7215652689337722
leaf_count=8150 2334 34 388 64 66
internal_value=0 -0.00728224 -0.00803645 0.0118076 0.0132108
internal_weight=0 247.12 245.196 147.417 143.293
internal_count=11036 8572 8538 2464 2400
is_linear=0
shrinkage=0.0435058


Tree=25
num_leaves=8
num_cat=0
split_feature=0 1 3 6 3 8 8
split_gain=16.8401 8.77583 8.24045 6.40161 6.30215 4.80317 2.34367
threshold=2.5000000000000004 2.5000000000000004 2.5000000000000004 0.75000000000000011 11.500000000000002 4.5000000000000009 2.5000000000000004
decision_type=2 2 8 10 8 2 2
left_child=3 4 -3 5 -2 -1 -5
right_child=1 2 -4 6 -6 -7 -8
leaf_value=-0.018257238699020358 -0.0031107299528461878 0.071445291922252033 0.016053533499117003 0.0066248965621961481 0.010985563306125044 0.043280348112550993 0.05357374260159966
leaf_weight=107.08967676758766 136.52843044139445 6.4836518764495876 23.538055665791035 8.4444948080927116 107.13894225470722 2.4557718411087981 2.6422264017164698
leaf_count=4289 3687 77 315 291 2236 66 75
internal_value=0 0.00582184 0.0280162 -0.0136894 0.00308732 -0.0168777 0.0178139
internal_weight=0 273.689 30.0217 120.632 243.667 109.545 11.0867
internal_count=11036 6315 392 4721 5923 4355 366
is_linear=0
shrinkage=0.0435058


Tree=26
num_leaves=8
num_cat=0
split_feature=0 1 3 6 3 8 0
split_gain=15.5357 8.27702 8.58466 5.92701 5.13882 4.36124 2.02445
threshold=2.5000000000000004 1.0000000180025095e-35 2.5000000000000004 0.75000000000000011 11.500000000000002 4.5000000000000009 1.5000000000000002
decision_type=2 2 8 10 10 2 2
left_child=3 4 -3 5 -2 -1 -5
right_child=1 2 -4 6 -6 -7 -8
leaf_value=-0.017774980181055836 -0.0044189610401045906 0.042944109524510693 0.0095992574894500325 0.038630604805992778 0.012754023229450443 0.039746151642600147 0.00121345293648898
leaf_weight=105.25093256123364 131.94344153441489 17.817297354340553 81.275647025555372 4.6787010971456748 43.972825000062585 2.5554498061537734 6.5945036374032497
leaf_count=4289 3764 331 1440 150 780 66 216
internal_value=0 0.0055384 0.0155948 -0.0132728 -0.000126324 -0.0164115 0.0167426
internal_weight=0 275.009 99.0929 119.08 175.916 107.806 11.2732
internal_count=11036 6315 1771 4721 4544 4355 366
is_linear=0
shrinkage=0.0435058


Tree=27
num_leaves=8
num_cat=0
split_feature=0 1 3 6 3 8 8
split_gain=14.3297 7.43192 7.40039 5.48892 4.66695 3.96988 1.95095
threshold=2.5000000000000004 1.0000000180025095e-35 2.5000000000000004 0.75000000000000011 11.500000000000002 4.5000000000000009 2.5000000000000004
decision_type=2 2 8 10 10 2 2
left_child=3 4 -3 5 -2 -1 -5
right_child=1 2 -4 6 -6 -7 -8
leaf_value=-0.017297647558846198 -0.0042443413496688932 0.039589503883791927 0.0091054356695327403 0.0054837734097896596 0.012061959006874307 0.036626978492478604 0.047154985393395674
leaf_weight=103.48945210129023 131.40753685683012 18.470856454223394 81.940567752346396 8.630012968555091 44.461739292368293 2.6502041295170775 2.8218330331146708
leaf_count=4289 3764 331 1440 291 780 66 75
internal_value=0 0.00526969 0.014713 -0.0128637 -0.000121924 -0.0159512 0.0157519
internal_weight=0 276.281 100.411 117.592 175.869 106.14 11.4518
internal_count=11036 6315 1771 4721 4544 4355 366
is_linear=0
shrinkage=0.0435058


Tree=28
num_leaves=6
num_cat=0
split_feature=0 4 2 2 6
split_gain=13.2578 7.7678 5.49251 4.81745 4.98264
threshold=9.5000000000000018 4.5000000000000009 1.0000000180025095e-35 6.2500000000000009 89.500000000000014
decision_type=2 10 10 10 10
left_child=1 2 -1 4 -2
right_child=3 -3 -4 -5 -6
leaf_value=-0.0087328495572683816 0.0095613562692031511 0.076743229315140771 0.021050763481821132 -0.036786418311850387 0.049671871558814105
leaf_weight=227.39693436212838 141.61380794644356 2.1049364507198325 12.356339760124682 4.0651078894734374 6.1150004640221587
leaf_count=8260 2334 34 278 64 66
internal_value=0 -0.00646731 -0.00719787 0.00993599 0.0112217
internal_weight=0 241.858 239.753 151.794 147.729
internal_count=11036 8572 8538 2464 2400
is_linear=0
shrinkage=0.0435058


Tree=29
num_leaves=8
num_cat=0
split_feature=0 1 5 5 6 8 0
split_gain=12.6119 6.65995 6.51709 5.79033 5.08088 3.62733 1.71452
threshold=2.5000000000000004 2.5000000000000004 11.150000000000002 42.370000000000012 0.75000000000000011 4.5000000000000009 1.5000000000000002
decision_type=2 2 2 2 10 2 2
left_child=4 3 -3 -2 5 -1 -6
right_child=1 2 -4 -5 6 -7 -8
leaf_value=-0.016616750467089655 0.0015224868390449158 0.032679758753614244 -0.019599865414326643 0.049631728983064172 0.034629974228788732 0.034225401899527316 0.0007391897445830453
leaf_weight=101.06748908944428 241.61043778248131 26.184641990810636 5.4530703201889983 4.8298835046589366 4.9074080344289523 2.7277192734181872 6.6593530308455229
leaf_count=4289 5874 341 51 49 150 66 216
internal_value=0 0.00487774 0.0236689 0.00246536 -0.0122327 -0.0152806 0.015118
internal_weight=0 278.078 31.6377 246.44 115.362 103.795 11.5668
internal_count=11036 6315 392 5923 4721 4355 366
is_linear=0
shrinkage=0.0435058


Tree=30
num_leaves=8
num_cat=0
split_feature=0 3 4 3 6 8 8
split_gain=11.6289 6.3106 11.0962 8.52932 4.70321 3.31216 1.64432
threshold=2.5000000000000004 1.0000000180025095e-35 3.5000000000000004 11.500000000000002 0.75000000000000011 4.5000000000000009 2.5000000000000004
decision_type=2 8 8 8 10 2 2
left_child=4 2 -2 -3 5 -1 -6
right_child=1 3 -4 -5 6 -7 -8
leaf_value=-0.016152886254283981 0.013586746157529377 -0.0051916783867795068 0.095740934471207045 0.010768391636469313 0.0047462313167235173 0.031709714434738752 0.042170505871163326
leaf_weight=99.482114123180509 21.873603409156207 130.31458831205964 3.6279099490493527 123.38671814277768 8.7530052326619607 2.8140195831656447 2.9782553464174262
leaf_count=4289 551 3310 59 2395 291 66 75
internal_value=0 0.00464414 0.0252742 0.00257044 -0.0118441 -0.0148363 0.0142473
internal_weight=0 279.203 25.5015 253.701 114.027 102.296 11.7313
internal_count=11036 6315 610 5705 4721 4355 366
is_linear=0
shrinkage=0.0435058


Tree=31
num_leaves=7
num_cat=0
split_feature=0 2 6 5 2 5
split_gain=10.7748 4.72612 5.61484 4.47787 5.26726 3.61507
threshold=7.5000000000000009 6.2500000000000009 0.75000000000000011 2.0550000000000002 1.0000000180025095e-35 3.8650000000000007
decision_type=2 10 10 2 10 2
left_child=3 2 -2 4 -1 -5
right_child=1 -3 -4 5 -6 -7
leaf_value=-0.010488353571317348 0.0035063698745115904 -0.037295029783997909 0.020170014982076649 0.037832189009243219 0.020286453984456033 -0.005140240496909006
leaf_weight=181.80955172143877 125.90678812563419 4.3544448353350154 54.988098952919245 7.3290574289858323 11.173542764037846 7.4942624606192112
leaf_count=7260 2254 71 812 220 251 168
internal_value=0 0.00749362 0.00857175 -0.00693655 -0.00870652 0.0161065
internal_weight=0 185.249 180.895 207.806 192.983 14.8233
internal_count=11036 3137 3066 7899 7511 388
is_linear=0
shrinkage=0.0435058


Tree=32
num_leaves=8
num_cat=0
split_feature=0 1 3 6 0 8 0
split_gain=10.1131 5.95391 6.16529 4.35997 3.65705 3.03412 1.46363
threshold=2.5000000000000004 1.0000000180025095e-35 2.5000000000000004 0.75000000000000011 18.500000000000004 4.5000000000000009 1.5000000000000002
decision_type=2 2 8 10 2 2 2
left_child=3 4 -3 5 -2 -1 -5
right_child=1 2 -4 6 -6 -7 -8
leaf_value=-0.015451956399600345 -0.0041226310814259839 0.03459760942755704 0.0074474300855449562 0.031329907029786469 0.01041645148340605 0.029853062517705756 0.00042411912006610597
leaf_weight=97.169403646141291 134.01101990789175 19.499191090464592 84.147568859159946 5.1127127259969694 43.334066424518824 2.8808682374656192 6.7025093585252762
leaf_count=4289 3831 331 1440 150 713 66 216
internal_value=0 0.00427136 0.0125552 -0.0111959 -0.000570023 -0.0141474 0.0137977
internal_weight=0 280.992 103.647 111.865 177.345 100.05 11.8152
internal_count=11036 6315 1771 4721 4544 4355 366
is_linear=0
shrinkage=0.0435058


Tree=33
num_leaves=8
num_cat=0
split_feature=0 3 4 3 6 8 8
split_gain=9.32091 5.44698 8.90533 7.54383 4.03281 2.77602 1.39953
threshold=2.5000000000000004 1.0000000180025095e-35 3.5000000000000004 11.500000000000002 0.75000000000000011 4.5000000000000009 2.5000000000000004
decision_type=2 8 8 8 10 2 2
left_child=4 2 -2 -3 5 -1 -6
right_child=1 3 -4 -5 6 -7 -8
leaf_value=-0.015004029335696716 0.012261790912107308 -0.0052036834154249667 0.083046744618092333 0.0097450131564966926 0.0041865917050591594 0.027776191394465057 0.038075909829227338
leaf_weight=95.748552870005369 22.325954614207152 130.23965824767947 3.9608648214489213 125.43792497366667 8.8479813206940872 2.9597332179546347 3.1197267174720755
leaf_count=4289 551 3310 59 2395 291 66 75
internal_value=0 0.00406917 0.0229276 0.00213029 -0.0108296 -0.0137213 0.0130208
internal_weight=0 281.964 26.2868 255.678 110.676 98.7083 11.9677
internal_count=11036 6315 610 5705 4721 4355 366
is_linear=0
shrinkage=0.0435058


Tree=34
num_leaves=6
num_cat=0
split_feature=0 4 1 7 3
split_gain=8.65014 5.77365 4.65469 3.82955 4.48077
threshold=9.5000000000000018 4.5000000000000009 2.5000000000000004 39.500000000000007 257.50000000000006
decision_type=2 10 2 10 10
left_child=1 2 -1 4 -2
right_child=3 -3 -4 -5 -6
leaf_value=-0.0077602566785255353 0.0078840179009502798 0.062207579296645346 0.016606797168138648 0.047730628463845001 -0.037311616180297755
leaf_weight=217.00227616727352 148.48233947530389 2.3663090765476218 15.927169328555463 4.4127184003591529 4.2714102864265433
leaf_count=8150 2364 34 388 41 59
internal_value=0 -0.0054072 -0.00609409 0.00777447 0.00662023
internal_weight=0 235.296 232.929 157.166 152.754
internal_count=11036 8572 8538 2464 2423
is_linear=0
shrinkage=0.0435058


Tree=35
num_leaves=8
num_cat=0
split_feature=0 1 3 6 3 5 3
split_gain=8.17296 5.12109 5.28044 3.75264 3.0781 2.60353 1.31613
threshold=2.5000000000000004 1.0000000180025095e-35 2.5000000000000004 0.75000000000000011 11.500000000000002 2.0550000000000002 2.5000000000000004
decision_type=2 2 10 10 10 2 8
left_child=3 4 -3 5 -2 -1 -5
right_child=1 2 -4 6 -6 -7 -8
leaf_value=-0.014198681740199172 -0.0041595958039630874 0.024710445651342068 0.0042656868641608925 0.036589673502365999 0.0088352177775321197 0.03344093971914415 0.0040067753798130957
leaf_weight=94.608127158135176 131.02516311407089 36.616512201726437 68.911000534892082 3.1934323832392666 46.833508031442761 2.2223043609410515 8.847212778404355
leaf_count=4277 3764 622 1149 97 780 78 269
internal_value=0 0.00376707 0.0113597 -0.0102571 -0.000737819 -0.0131053 0.0126484
internal_weight=0 283.386 105.528 108.871 177.859 96.8304 12.0406
internal_count=11036 6315 1771 4721 4544 4355 366
is_linear=0
shrinkage=0.0435058


Tree=36
num_leaves=8
num_cat=0
split_feature=0 1 5 5 6 8 0
split_gain=7.52919 4.70798 5.71271 4.47455 3.46816 2.58173 1.25965
threshold=2.5000000000000004 2.5000000000000004 11.150000000000002 42.370000000000012 0.75000000000000011 4.5000000000000009 1.5000000000000002
decision_type=2 2 2 2 10 2 2
left_child=4 3 -3 -2 5 -1 -6
right_child=1 2 -4 -5 6 -7 -8
leaf_value=-0.013980499776894207 0.00069127235211644564 0.026922579966837709 -0.021101619156361693 0.041368880309828195 0.027741553400419339 0.027124961581203946 -0.00044228370204225757
leaf_weight=92.643743159249425 245.39632267132401 27.987651765346527 5.6316860020160666 5.2274175137281409 5.3565556295216066 2.9852383621036997 6.8270608503371477
leaf_count=4289 5874 341 51 49 150 66 216
internal_value=0 0.00359041 0.0188779 0.00153971 -0.00991212 -0.0126973 0.0119488
internal_weight=0 284.243 33.6193 250.624 107.813 95.629 12.1836
internal_count=11036 6315 392 5923 4721 4355 366
is_linear=0
shrinkage=0.0435058


Tree=37
num_leaves=7
num_cat=0
split_feature=0 4 2 0 3 7
split_gain=7.01809 4.94022 4.2981 3.79138 9.49025 3.63299
threshold=9.5000000000000018 4.5000000000000009 1.0000000180025095e-35 10.500000000000002 13.500000000000002 39.500000000000007
decision_type=2 10 10 2 8 10
left_child=1 2 -1 4 -2 -5
right_child=3 -3 -4 5 -6 -7
leaf_value=-0.0070406563259027737 0.00062258029382913178 0.055865316103279647 0.018986124022966365 0.0037826865297927934 0.081132467640890785 0.043015066679880976
leaf_weight=217.27208402380347 7.4487742632627461 2.5017854310572138 12.712287064641712 142.89491257444024 4.4130700305104265 4.6117250248789778
leaf_count=8260 145 34 278 2207 71 41
internal_value=0 -0.00494059 -0.00560204 0.00691216 0.0305754 0.00500927
internal_weight=0 232.486 229.984 159.368 11.8618 147.507
internal_count=11036 8572 8538 2464 216 2248
is_linear=0
shrinkage=0.0435058


Tree=38
num_leaves=8
num_cat=0
split_feature=0 3 4 3 6 0 8
split_gain=6.60943 4.7291 6.82382 6.19203 3.19419 2.55588 1.18765
threshold=2.5000000000000004 1.0000000180025095e-35 3.5000000000000004 11.500000000000002 0.75000000000000011 1.5000000000000002 2.5000000000000004
decision_type=2 8 8 8 10 2 2
left_child=4 2 -2 -3 5 -1 -6
right_child=1 3 -4 -5 6 -7 -8
leaf_value=-0.019762345321047009 0.011077331348497465 -0.0051768368472425129 0.070573972423579878 0.0082935129794618444 0.0033202172979796478 -0.005380374496638413 0.033907757301670435
leaf_weight=43.957410952076316 22.731393415480856 129.98252024687827 4.3463342674076548 128.38992248103023 8.9996613301336748 49.981934804469347 3.2777433395385733
leaf_count=2072 551 3310 59 2395 291 2283 75
internal_value=0 0.00332964 0.0206273 0.00151682 -0.00938271 -0.0121102 0.0114863
internal_weight=0 285.45 27.0777 258.372 106.217 93.9393 12.2774
internal_count=11036 6315 610 5705 4721 4355 366
is_linear=0
shrinkage=0.0435058


Tree=39
num_leaves=8
num_cat=0
split_feature=0 1 2 6 0 9 3
split_gain=6.0855 4.29701 4.84456 2.95018 2.59552 2.46335 1.12994
threshold=2.5000000000000004 1.0000000180025095e-35 4.2500000000000009 0.75000000000000011 18.500000000000004 1.0000000180025095e-35 2.5000000000000004
decision_type=2 2 10 10 2 2 8
left_child=3 4 -3 5 -2 -1 -5
right_child=1 2 -4 6 -6 -7 -8
leaf_value=-0.0049164727767191507 -0.004010278611964028 0.011838498576043997 -0.037296094317328159 0.03240588878576145 0.00806925415651767 -0.019099763881305659 0.0028630398784236788
leaf_weight=48.304357253015041 133.5539609733969 103.7145801205188 3.9425462670624247 3.3608081340789768 45.01651843637228 44.556952646002173 9.046257272362709
leaf_count=2213 3831 1718 53 97 713 2142 269
internal_value=0 0.00317385 0.0100391 -0.00905974 -0.000965103 -0.0117219 0.0108656
internal_weight=0 286.228 107.657 105.268 178.57 92.8613 12.4071
internal_count=11036 6315 1771 4721 4544 4355 366
is_linear=0
shrinkage=0.0435058


Tree=40
num_leaves=8
num_cat=0
split_feature=0 3 1 3 6 5 0
split_gain=5.60271 4.21097 5.89159 5.54916 2.72454 2.44512 1.0818
threshold=2.5000000000000004 1.0000000180025095e-35 3.5000000000000004 11.500000000000002 0.75000000000000011 2.0550000000000002 1.5000000000000002
decision_type=2 8 2 8 10 2 2
left_child=4 2 -2 -3 5 -1 -6
right_child=1 3 -4 -5 6 -7 -8
leaf_value=-0.012456949064922323 0.010955976912257897 -0.0050604015057000616 0.068295753972897139 0.0076674821997088829 0.024516779878974763 0.033858012850428616 -0.0011951638996174243
leaf_weight=89.618139745667577 23.652798186987642 129.60276227630675 3.9594385698437682 129.73696588911116 5.5947023127228004 2.2107232697308055 6.9381961990147829
leaf_count=4277 578 3310 32 2395 150 78 216
internal_value=0 0.00302652 0.0191782 0.00130683 -0.00874502 -0.0113419 0.0102827
internal_weight=0 286.952 27.6122 259.34 104.362 91.8289 12.5329
internal_count=11036 6315 610 5705 4721 4355 366
is_linear=0
shrinkage=0.0435058


Tree=41
num_leaves=8
num_cat=0
split_feature=0 5 5 2 0 3 7
split_gain=5.22268 4.50376 5.43159 4.52119 3.43402 7.55581 3.11686
threshold=9.5000000000000018 3.1350000000000002 5.5550000000000006 1.0000000180025095e-35 10.500000000000002 13.500000000000002 39.500000000000007
decision_type=2 2 2 10 2 8 10
left_child=1 3 -3 -1 5 -2 -6
right_child=4 2 -4 -5 6 -7 -8
leaf_value=-0.0075196255511001779 0.0006049155926662193 0.044156057981260065 -0.0088411518985062696 0.019300139981523013 0.0029111194035242815 0.070635884401877694 0.038469225514864501
leaf_weight=201.6681482642889 7.4488603211939308 7.7032330967485887 6.9741312377154827 12.642822928726671 145.07431596145034 4.7919983752071866 4.8209358900785437
leaf_count=7986 145 164 147 275 2207 71 41
internal_value=0 -0.00434073 0.0189738 -0.00593745 0.00586408 0.0280203 0.00405474
internal_weight=0 228.988 14.6774 214.311 162.136 12.2409 149.895
internal_count=11036 8572 311 8261 2464 216 2248
is_linear=0
shrinkage=0.0435058


Tree=42
num_leaves=7
num_cat=0
split_feature=0 6 1 8 5 6
split_gain=5.0337 4.56078 4.27096 4.2444 1.2764 0.559718
threshold=1.5000000000000002 0.75000000000000011 5.5000000000000009 4.5000000000000009 1.0750000000000004 1.2500000000000002
decision_type=2 10 2 2 2 10
left_child=1 4 3 -2 -1 -3
right_child=2 5 -4 -5 -6 -7
leaf_value=-0.020200994252270739 -0.00036757444008453654 0.0074465394074163891 0.026043258429560838 0.022364902585068423 0.013496910733357818 0.03495435217476027
leaf_weight=39.471211740747094 314.02060113288462 2.4631710350513449 13.146987549960611 16.355642324313521 2.2487334609031668 3.2439424246549606
leaf_count=1967 8414 65 111 289 105 85
internal_value=0 -0.0133948 0.00172552 0.000757822 -0.0183847 0.0230821
internal_weight=0 47.4271 343.523 330.376 41.7199 5.70711
internal_count=11036 2222 8814 8703 2072 150
is_linear=0
shrinkage=0.0435058


Tree=43
num_leaves=7
num_cat=0
split_feature=9 0 1 6 4 3
split_gain=4.77772 9.71092 5.37393 4.32358 5.06778 3.93221
threshold=1.0000000180025095e-35 26.500000000000004 3.5000000000000004 0.75000000000000011 1.5000000000000002 195.50000000000003
decision_type=2 2 2 8 8 10
left_child=3 2 -2 4 -1 -5
right_child=1 -3 -4 5 -6 -7
leaf_value=-0.0035410898913176866 -0.016743970120635131 0.084973229641464768 0.038230592903942553 0.0095060927079520068 0.030280508604217281 -0.036929066714809354
leaf_weight=186.63274144753814 60.492116082459688 1.9457186684012402 3.563886357471346 125.815325781703 8.7798782624304277 3.5490992963314048
leaf_count=5364 2621 24 84 2770 134 39
internal_value=0 -0.0107769 -0.0136853 0.00206272 -0.00202149 0.00823215
internal_weight=0 66.0017 64.056 324.777 195.413 129.364
internal_count=11036 2729 2705 8307 5498 2809
is_linear=0
shrinkage=0.0435058


Tree=44
num_leaves=7
num_cat=0
split_feature=9 0 1 3 3 4
split_gain=4.416 8.54727 4.805 4.14527 7.72135 7.30426
threshold=1.0000000180025095e-35 37.500000000000007 3.5000000000000004 11.500000000000002 27.500000000000004 1.5000000000000002
decision_type=2 2 2 8 8 8
left_child=3 2 -2 5 -5 -1
right_child=1 -3 -4 4 -6 -7
leaf_value=-0.004072736113078455 -0.015829686464062166 0.090910021749668501 0.035374435801996937 0.027038828374624707 0.002162819955183581 0.035541233779600397
leaf_weight=181.68077214434743 60.083194069564342 1.5382144711911667 3.6813202686607829 30.571915982291102 103.81498214416206 9.2589349318295699
leaf_count=5438 2629 16 84 529 2199 141
internal_value=0 -0.0104289 -0.0128735 0.00196817 0.00782191 -0.0021518
internal_weight=0 65.3027 63.7645 325.327 134.387 190.94
internal_count=11036 2729 2713 8307 2728 5579
is_linear=0
shrinkage=0.0435058


Tree=45
num_leaves=7
num_cat=0
split_feature=9 0 1 6 12 3
split_gain=4.07987 8.25858 4.38369 3.88314 4.4078 3.64459
threshold=1.0000000180025095e-35 39.500000000000007 3.5000000000000004 0.75000000000000011 1.0000000180025095e-35 195.50000000000003
decision_type=2 2 2 8 2 10
left_child=3 2 -2 4 -1 -5
right_child=1 -3 -4 5 -6 -7
leaf_value=0.00031791850373869739 -0.01542666278062358 0.089147749577443133 0.032818203311350283 0.0088832215247083655 -0.02038890431810788 -0.036405865378651585
leaf_weight=173.32574674300849 59.286330331116915 1.5492491982877243 3.7928235679864875 127.12779818288982 21.918120549991727 3.4546209983527651
leaf_count=4976 2630 15 84 2770 522 39
internal_value=0 -0.0100885 -0.0125258 0.00187754 -0.00200663 0.00768508
internal_weight=0 64.6284 63.0792 325.826 195.244 130.582
internal_count=11036 2729 2714 8307 5498 2809
is_linear=0
shrinkage=0.0435058


Tree=46
num_leaves=8
num_cat=0
split_feature=0 5 5 2 0 3 6
split_gain=3.79711 3.76434 4.64745 4.07367 3.07755 6.0653 2.70881
threshold=9.5000000000000018 3.1350000000000002 5.5550000000000006 1.0000000180025095e-35 10.500000000000002 13.500000000000002 89.500000000000014
decision_type=2 2 2 10 2 8 10
left_child=1 3 -3 -1 5 -2 -6
right_child=4 2 -4 -5 6 -7 -8
leaf_value=-0.0068039756988409715 0.00048842036606236362 0.039692823123088701 -0.0088051534970956299 0.018542197050643656 0.0018726336764064103 0.061827059810053209 0.028451031229478219
leaf_weight=197.90421226806939 7.4640378281474087 8.0851562768220884 6.9588240683078757 12.776921920478342 144.34649952501059 5.1610623970627794 7.6422414034605017
leaf_count=7986 145 164 147 275 2175 71 73
internal_value=0 -0.00376553 0.0172593 -0.00526684 0.0049235 0.0255633 0.00320904
internal_weight=0 225.725 15.044 210.681 164.614 12.6251 151.989
internal_count=11036 8572 311 8261 2464 216 2248
is_linear=0
shrinkage=0.0435058


Tree=47
num_leaves=5
num_cat=0
split_feature=2 2 0 9
split_gain=3.83642 6.72511 13.4208 5.87879
threshold=6.2500000000000009 1.0000000180025095e-35 24.500000000000004 1.0000000180025095e-35
decision_type=10 10 2 2
left_child=1 3 -3 -1
right_child=-2 2 -4 -5
leaf_value=0.0014532703599002847 -0.038500327425827374 0.0077054958322468432 0.097564715675951236 -0.013505955673978257
leaf_weight=305.22272850573063 4.8628283478319636 16.81577214226127 3.8699126578867427 59.400680894032121
leaf_count=7937 79 328 48 2644
internal_value=0 0.000385272 0.0245165 -0.000983732
internal_weight=0 385.309 20.6857 364.623
internal_count=11036 10957 376 10581
is_linear=0
shrinkage=0.0435058


Tree=48
num_leaves=5
num_cat=0
split_feature=2 2 0 7
split_gain=3.62933 6.01705 11.0353 5.59611
threshold=6.2500000000000009 1.0000000180025095e-35 24.500000000000004 81.500000000000014
decision_type=10 10 2 10
left_child=1 3 -3 -1
right_child=-2 2 -4 -5
leaf_value=-0.0014000263745576787 -0.038065224087449924 0.0073199809882758485 0.086262737780386678 0.062609689690153944
leaf_weight=361.66510889492929 4.7078577838838092 16.92869765684009 4.1789843849837771 2.603776963427662
leaf_count=10561 79 328 48 20
internal_value=0 0.000366108 0.0229494 -0.000942488
internal_weight=0 385.377 21.1077 364.269
internal_count=11036 10957 376 10581
is_linear=0
shrinkage=0.0435058


Tree=49
num_leaves=5
num_cat=0
split_feature=1 8 6 7
split_gain=3.5364 4.35528 8.48308 5.85802
threshold=5.5000000000000009 4.5000000000000009 27.250000000000004 30.500000000000004
decision_type=2 2 10 10
left_child=1 3 -3 -1
right_child=-2 2 -4 -5
leaf_value=-0.0026107175001009574 0.021480092674380561 0.0046620670218887311 0.077778722030330816 0.044870016481911787
leaf_weight=352.85568138770759 13.867587709799407 14.478676969185473 3.7894938290119162 4.9877628460526457
leaf_count=10544 121 279 45 47
internal_value=0 -0.000891126 0.0198292 -0.00194891
internal_weight=0 376.112 18.2682 357.843
internal_count=11036 10915 324 10591
is_linear=0
shrinkage=0.0435058


Tree=50
num_leaves=5
num_cat=0
split_feature=2 2 0 9
split_gain=3.48621 5.38666 9.12385 5.40074
threshold=6.2500000000000009 1.0000000180025095e-35 24.500000000000004 1.0000000180025095e-35
decision_type=10 10 2 2
left_child=1 3 -3 -1
right_child=-2 2 -4 -5
leaf_value=0.0014257252280116849 -0.037776387089352832 0.0069859666342538982 0.076797725263952565 -0.013006362309317131
leaf_weight=305.22395414672792 4.5920591354370108 17.023672677576545 4.4747426435351363 58.481777038425207
leaf_count=7937 79 328 48 2644
internal_value=0 0.000355934 0.0215168 -0.000894871
internal_weight=0 385.204 21.4984 363.706
internal_count=11036 10957 376 10581
is_linear=0
shrinkage=0.0435058


Tree=51
num_leaves=4
num_cat=0
split_feature=3 3 6
split_gain=3.38014 5.82223 3.99068
threshold=306.00000000000006 161.00000000000003 0.75000000000000011
decision_type=10 10 10
left_child=1 2 -1
right_child=-2 -3 -4
leaf_value=-0.0027209875407180582 -0.038563735887325049 0.037058046601070732 0.0083428957241645646
leaf_weight=299.71680140681565 4.2750216238200656 8.0021149907261115 77.703340144827962
leaf_count=9503 53 88 1392
internal_value=0 0.000335445 -0.000443153
internal_weight=0 385.422 377.42
internal_count=11036 10983 10895
is_linear=0
shrinkage=0.0435058


Tree=52
num_leaves=5
num_cat=0
split_feature=2 2 0 9
split_gain=3.31697 4.77118 7.57508 4.97462
threshold=6.2500000000000009 1.0000000180025095e-35 24.500000000000004 1.0000000180025095e-35
decision_type=10 10 2 2
left_child=1 3 -3 -1
right_child=-2 2 -4 -5
leaf_value=0.0013669015248089192 -0.037387996102204835 0.0065728489308296582 0.06857948742731354 -0.012561468738351431
leaf_weight=305.52363877743483 4.4609455578029147 17.145584955811504 4.7656102143228045 57.701088022440672
leaf_count=7937 79 328 48 2644
internal_value=0 0.00034359 0.0200591 -0.000845729
internal_weight=0 385.136 21.9112 363.225
internal_count=11036 10957 376 10581
is_linear=0
shrinkage=0.0435058


Tree=53
num_leaves=4
num_cat=0
split_feature=3 3 6
split_gain=3.19732 5.11735 3.72661
threshold=306.00000000000006 161.00000000000003 89.500000000000014
decision_type=10 10 10
left_child=1 2 -1
right_child=-2 -3 -4
leaf_value=-0.00097675358179643884 -0.038079548382865591 0.034221997858362191 0.033111605692401729
leaf_weight=370.92787150852382 4.1478167325258246 8.2481633573770505 6.1710827611386767
leaf_count=10837 53 88 58
internal_value=0 0.000322561 -0.00041891
internal_weight=0 385.347 377.099
internal_count=11036 10983 10895
is_linear=0
shrinkage=0.0435058


Tree=54
num_leaves=5
num_cat=0
split_feature=2 2 0 9
split_gain=3.15747 4.27958 6.34601 4.5878
threshold=6.2500000000000009 1.0000000180025095e-35 24.500000000000004 1.0000000180025095e-35
decision_type=10 10 2 2
left_child=1 3 -3 -1
right_child=-2 2 -4 -5
leaf_value=0.0013075806498795142 -0.03701749342453222 0.0062982180462486893 0.061845616868450033 -0.012138342710466687
leaf_weight=305.83393928594887 4.3323645778000346 17.228827051818374 5.0291917026042929 56.978994723409414
leaf_count=7937 79 328 48 2644
internal_value=0 0.000331929 0.0188491 -0.000804073
internal_weight=0 385.071 22.258 362.813
internal_count=11036 10957 376 10581
is_linear=0
shrinkage=0.0435058


Tree=55
num_leaves=5
num_cat=0
split_feature=1 8 6 7
split_gain=3.05436 3.75881 6.81605 5.21518
threshold=5.5000000000000009 4.5000000000000009 27.250000000000004 30.500000000000004
decision_type=2 2 10 10
left_child=1 3 -3 -1
right_child=-2 2 -4 -5
leaf_value=-0.00246140449419482 0.019795015792752991 0.004272518135584465 0.067819922498169385 0.041680773181335944
leaf_weight=351.39139116369188 14.102828765287994 14.573558602482082 4.0916501209139815 5.1399884447455397
leaf_count=10544 121 279 45 47
internal_value=0 -0.000828676 0.0182029 -0.00182502
internal_weight=0 375.197 18.6652 356.531
internal_count=11036 10915 324 10591
is_linear=0
shrinkage=0.0435058


Tree=56
num_leaves=4
num_cat=0
split_feature=3 3 6
split_gain=3.07406 4.39112 3.2444
threshold=306.00000000000006 161.00000000000003 0.75000000000000011
decision_type=10 10 10
left_child=1 2 -1
right_child=-2 -3 -4
leaf_value=-0.0024574630116486642 -0.037777442306825428 0.031208290430331527 0.0074745170044357608
leaf_weight=297.84734738431871 4.0516005717217913 8.517001008614896 78.701858988031745
leaf_count=9503 53 88 1392
internal_value=0 0.000317116 -0.000381598
internal_weight=0 385.066 376.549
internal_count=11036 10983 10895
is_linear=0
shrinkage=0.0435058


Tree=57
num_leaves=4
num_cat=0
split_feature=2 7 2
split_gain=3.04727 3.8938 3.96399
threshold=6.2500000000000009 81.500000000000014 1.0000000180025095e-35
decision_type=10 10 10
left_child=1 2 -1
right_child=-2 -3 -4
leaf_value=-0.0011624196213958053 -0.036765861258683245 0.051047822162391829 0.017616610363580417
leaf_weight=359.32260631769896 4.2381752580404273 2.843648698180913 22.61455599591136
leaf_count=10561 79 20 376
internal_value=0 0.000327122 -5.05105e-05
internal_weight=0 384.781 381.937
internal_count=11036 10957 10937
is_linear=0
shrinkage=0.0435058


Tree=58
num_leaves=4
num_cat=0
split_feature=3 3 1
split_gain=2.92941 3.89223 3.1442
threshold=306.00000000000006 161.00000000000003 2.5000000000000004
decision_type=10 10 2
left_child=1 2 -1
right_child=-2 -3 -4
leaf_value=-0.0017422971806227558 -0.037388228474252293 0.029044685468541578 0.011069999782611681
leaf_weight=335.62582208402455 3.9419656470417967 8.7188041154295188 40.64377480559051
leaf_count=10290 53 88 605
internal_value=0 0.000307546 -0.000358342
internal_weight=0 384.988 376.27
internal_count=11036 10983 10895
is_linear=0
shrinkage=0.0435058


Tree=59
num_leaves=4
num_cat=0
split_feature=2 7 3
split_gain=2.88072 3.46857 3.69969
threshold=6.2500000000000009 81.500000000000014 306.00000000000006
decision_type=10 10 10
left_child=1 2 -1
right_child=-2 -3 -4
leaf_value=0.00033951928812869727 -0.036325741054064851 0.047549087611516001 -0.047551737445763825
leaf_weight=378.70787843875587 4.104707069694995 2.9202432837337247 3.07795476168394
leaf_count=10891 79 20 46
internal_value=0 0.000314712 -4.65797e-05
internal_weight=0 384.706 381.786
internal_count=11036 10957 10937
is_linear=0
shrinkage=0.0435058


Tree=60
num_leaves=6
num_cat=0
split_feature=4 0 3 3 6
split_gain=2.85735 4.00262 3.85307 7.27366 3.81859
threshold=1.5000000000000002 13.500000000000002 11.500000000000002 27.500000000000004 29.500000000000004
decision_type=10 2 10 10 10
left_child=2 -2 4 -4 -1
right_child=1 -3 3 -5 -6
leaf_value=-0.0039143725835771399 0.046025592029692655 -0.0049786135825858543 0.023871748006453131 -0.0029864206912952624 0.023486763347214328
leaf_weight=287.69237613305449 5.9700578302144987 5.6858287267386913 31.867183975875378 47.581296009942889 9.9595578648149949
leaf_count=9606 86 56 549 613 126
internal_value=0 0.0211454 -0.000725509 0.00778653 -0.00299752
internal_weight=0 11.6559 377.1 79.4485 297.652
internal_count=11036 142 10894 1162 9732
is_linear=0
shrinkage=0.0435058


Tree=61
num_leaves=5
num_cat=0
split_feature=2 2 0 9
split_gain=2.74117 3.34369 5.17677 4.10606
threshold=6.2500000000000009 1.0000000180025095e-35 24.500000000000004 1.0000000180025095e-35
decision_type=10 10 2 2
left_child=1 3 -3 -1
right_child=-2 2 -4 -5
leaf_value=0.0012638521427439011 -0.035933258712463785 0.0049821293379791187 0.053735023511286215 -0.011554842915514445
leaf_weight=305.69091621786356 3.9922183211892834 17.623164370656017 5.3811961859464637 55.954039519652724
leaf_count=7937 79 328 48 2644
internal_value=0 0.000303569 0.0163864 -0.000719468
internal_weight=0 384.649 23.0044 361.645
internal_count=11036 10957 376 10581
is_linear=0
shrinkage=0.0435058


Tree=62
num_leaves=4
num_cat=0
split_feature=3 3 6
split_gain=2.6243 3.45193 2.94569
threshold=306.00000000000006 161.00000000000003 89.500000000000014
decision_type=10 10 10
left_child=1 2 -1
right_child=-2 -3 -4
leaf_value=-0.00085860994855001 -0.036488942069232234 0.027044660835705513 0.028835501407686551
leaf_weight=369.48361572809517 3.7086463421583167 8.9122398309409601 6.4333400949835768
leaf_count=10837 53 88 58
internal_value=0 0.000284009 -0.000350433
internal_weight=0 384.829 375.917
internal_count=11036 10983 10895
is_linear=0
shrinkage=0.0435058


Tree=63
num_leaves=4
num_cat=0
split_feature=2 7 3
split_gain=2.60675 3.0783 3.39928
threshold=6.2500000000000009 81.500000000000014 306.00000000000006
decision_type=10 10 10
left_child=1 2 -1
right_child=-2 -3 -4
leaf_value=0.00030568123262800906 -0.035548034172964108 0.044238831489199104 -0.04724668975365269
leaf_weight=378.70773315615952 3.8796059694141141 2.9934956897050133 2.8668948449194422
leaf_count=10891 79 20 46
internal_value=0 0.000293163 -5.15953e-05
internal_weight=0 384.568 381.575
internal_count=11036 10957 10937
is_linear=0
shrinkage=0.0435058


Tree=64
num_leaves=5
num_cat=0
split_feature=4 0 0 7
split_gain=2.57208 3.4753 3.4561 4.73715
threshold=1.5000000000000002 13.500000000000002 60.500000000000007 30.500000000000004
decision_type=10 2 2 10
left_child=2 -2 3 -1
right_child=1 -3 -4 -5
leaf_value=-0.0020076765577217632 0.0424234245158411 -0.004741825945129452 0.021188749856246369 0.045710959647125633
leaf_weight=359.37304576486349 6.1901701092720014 5.6611936390399933 13.186254456639288 3.9812582191079846
leaf_count=10734 86 56 123 37
internal_value=0 0.0198934 -0.000690809 -0.00148483
internal_weight=0 11.8514 376.541 363.354
internal_count=11036 142 10894 10771
is_linear=0
shrinkage=0.0435058


Tree=65
num_leaves=5
num_cat=0
split_feature=2 2 0 9
split_gain=2.49242 2.99711 4.3751 3.75183
threshold=6.2500000000000009 1.0000000180025095e-35 24.500000000000004 1.0000000180025095e-35
decision_type=10 10 2 2
left_child=1 3 -3 -1
right_child=-2 2 -4 -5
leaf_value=0.0011932630938023231 -0.03520872836260841 0.0047874978860737568 0.048875937810531497 -0.01112578344442963
leaf_weight=305.93771973066032 3.7815830484032622 17.682814642786983 5.6123934090137473 55.242665527388453
leaf_count=7937 79 328 48 2644
internal_value=0 0.000284579 0.0154095 -0.000690939
internal_weight=0 384.476 23.2952 361.18
internal_count=11036 10957 376 10581
is_linear=0
shrinkage=0.0435058


Tree=66
num_leaves=5
num_cat=0
split_feature=1 8 6 7
split_gain=2.40022 3.26129 5.45185 3.63057
threshold=5.5000000000000009 4.5000000000000009 27.250000000000004 30.500000000000004
decision_type=2 2 10 10
left_child=1 3 -3 -1
right_child=-2 2 -4 -5
leaf_value=-0.0022280613752615136 0.017353128546549846 0.0040780814698482123 0.059438760367602581 0.03316421672882177
leaf_weight=349.16794213838875 14.426508121192454 14.610817233100535 4.3751561194658271 5.573517356067895
leaf_count=10544 121 279 45 47
internal_value=0 -0.000731785 0.0168355 -0.001672
internal_weight=0 373.727 18.986 354.741
internal_count=11036 10915 324 10591
is_linear=0
shrinkage=0.0435058


Tree=67
num_leaves=4
num_cat=0
split_feature=3 3 1
split_gain=2.42907 2.82877 2.61505
threshold=306.00000000000006 161.00000000000003 2.5000000000000004
decision_type=10 10 2
left_child=1 2 -1
right_child=-2 -3 -4
leaf_value=-0.0015863325972342919 -0.035934559813296761 0.024109062612752537 0.010040047424996595
leaf_weight=334.11643950454891 3.5394657105207434 9.1975913196802122 41.124160250648856
leaf_count=10290 53 88 605
internal_value=0 0.000272122 -0.00031215
internal_weight=0 384.438 375.241
internal_count=11036 10983 10895
is_linear=0
shrinkage=0.0435058


Tree=68
num_leaves=5
num_cat=0
split_feature=2 2 0 9
split_gain=2.38851 2.68104 3.77095 3.43626
threshold=6.2500000000000009 1.0000000180025095e-35 24.500000000000004 1.0000000180025095e-35
decision_type=10 10 2 2
left_child=1 3 -3 -1
right_child=-2 2 -4 -5
leaf_value=0.0011424338401140419 -0.034893048213832122 0.0045369526065375315 0.044908102138870774 -0.010708534327519288
leaf_weight=306.03925132378936 3.6897377837449303 17.754469301551584 5.8131305724382392 54.566827503964305
leaf_count=7937 79 328 48 2644
internal_value=0 0.000278277 0.0144948 -0.000650852
internal_weight=0 384.174 23.5676 360.606
internal_count=11036 10957 376 10581
is_linear=0
shrinkage=0.0435058


Tree=69
num_leaves=5
num_cat=0
split_feature=3 4 3 0
split_gain=2.29408 2.58656 3.90965 2.2799
threshold=306.00000000000006 1.5000000000000002 11.500000000000002 12.500000000000002
decision_type=10 10 10 2
left_child=1 2 -1 -3
right_child=-2 3 -4 -5
leaf_value=-0.0026572215019645207 -0.035433594316292484 0.03941555135843737 0.0083196241128796321 0.0010796796063010244
leaf_weight=295.01506556756794 3.438351694494485 5.9082224629819375 77.562052233144641 5.8373733460903168
leaf_count=9732 53 81 1112 58
internal_value=0 0.000261616 -0.000372093 0.0203632
internal_weight=0 384.323 372.577 11.7456
internal_count=11036 10983 10844 139
is_linear=0
shrinkage=0.0435058


Tree=70
num_leaves=5
num_cat=0
split_feature=2 2 0 9
split_gain=2.26545 2.40395 3.27236 3.13064
threshold=6.2500000000000009 1.0000000180025095e-35 24.500000000000004 1.0000000180025095e-35
decision_type=10 10 2 2
left_child=1 3 -3 -1
right_child=-2 2 -4 -5
leaf_value=0.0010841779609441595 -0.034469154300889066 0.0042954775143362002 0.041433595538689007 -0.010284302014635675
leaf_weight=306.32860668003559 3.5867390912026158 17.82808489352465 6.0027548670768729 53.918152343481779
leaf_count=7937 79 328 48 2644
internal_value=0 0.000267915 0.0136502 -0.000617343
internal_weight=0 384.078 23.8308 360.247
internal_count=11036 10957 376 10581
is_linear=0
shrinkage=0.0435058


Tree=71
num_leaves=4
num_cat=0
split_feature=3 3 1
split_gain=2.16594 2.39717 2.35716
threshold=306.00000000000006 161.00000000000003 2.5000000000000004
decision_type=10 10 2
left_child=1 2 -1
right_child=-2 -3 -4
leaf_value=-0.0015102033416012385 -0.034930983573040371 0.021908388670193745 0.0094945713899775939
leaf_weight=333.36894099414349 3.34083293005824 9.4360279180109483 41.417028620839119
leaf_count=10290 53 88 605
internal_value=0 0.000251183 -0.000294082
internal_weight=0 384.222 374.786
internal_count=11036 10983 10895
is_linear=0
shrinkage=0.0435058


Tree=72
num_leaves=4
num_cat=0
split_feature=2 7 3
split_gain=2.13866 2.32028 2.96138
threshold=6.2500000000000009 81.500000000000014 306.00000000000006
decision_type=10 10 10
left_child=1 2 -1
right_child=-2 -3 -4
leaf_value=0.00026383949544423385 -0.03400802578298999 0.037395141913108498 -0.046844835733129066
leaf_weight=378.27195715531707 3.4789212625473729 3.1580103896558276 2.5427070148289195
leaf_count=10891 79 20 46
internal_value=0 0.00025727 -5.07061e-05
internal_weight=0 383.973 380.815
internal_count=11036 10957 10937
is_linear=0
shrinkage=0.0435058


Tree=73
num_leaves=6
num_cat=0
split_feature=4 0 3 3 6
split_gain=2.03317 2.75708 2.7275 6.82933 3.31066
threshold=1.5000000000000002 13.500000000000002 11.500000000000002 27.500000000000004 29.500000000000004
decision_type=10 2 8 8 10
left_child=2 -2 4 -4 -1
right_child=1 -3 3 -5 -6
leaf_value=-0.0049242986557864205 0.036550165190079323 -0.0048630441376311248 0.021387883235607915 -0.00093179059643689753 0.020380026031545016
leaf_weight=209.28574465215206 6.5801366791129094 5.6600028797984123 32.906470036134124 122.69805561006069 10.266368418931959
leaf_count=7173 86 56 549 3046 126
internal_value=0 0.0174001 -0.000618104 0.00378826 -0.00374106
internal_weight=0 12.2401 375.157 155.605 219.552
internal_count=11036 142 10894 3595 7299
is_linear=0
shrinkage=0.0435058


Tree=74
num_leaves=4
num_cat=0
split_feature=2 1 8
split_gain=2.03306 2.16799 3.24099
threshold=6.2500000000000009 5.5000000000000009 4.5000000000000009
decision_type=10 2 2
left_child=1 2 -1
right_child=-2 -3 -4
leaf_value=-0.0013408486957267349 -0.033600655852025797 0.016814009940647096 0.017199106740660268
leaf_weight=350.68737307190895 3.388282408937811 14.391817230731247 18.803468633443117
leaf_count=10524 79 118 315
internal_value=0 0.00024791 -0.000397346
internal_weight=0 383.883 369.491
internal_count=11036 10957 10839
is_linear=0
shrinkage=0.0435058


Tree=75
num_leaves=4
num_cat=0
split_feature=3 3 3
split_gain=1.93117 2.13942 2.3375
threshold=306.00000000000006 161.00000000000003 84.500000000000014
decision_type=10 10 10
left_child=1 2 -1
right_child=-2 -3 -4
leaf_value=0.0002308519371789717 -0.033981507759688813 0.020529362766990203 -0.023058971061649815
leaf_weight=366.09021394141018 3.148327473551034 9.5832311920821649 8.3425497561693174
leaf_count=10796 53 88 99
internal_value=0 0.000231448 -0.000288057
internal_weight=0 384.016 374.433
internal_count=11036 10983 10895
is_linear=0
shrinkage=0.0435058


Tree=76
num_leaves=5
num_cat=0
split_feature=2 2 6 9
split_gain=1.92335 2.47119 3.20437 2.82551
threshold=5.7500000000000009 1.0000000180025095e-35 1.7500000000000002 1.0000000180025095e-35
decision_type=10 10 10 2
left_child=1 3 -3 -1
right_child=-2 2 -4 -5
leaf_value=0.0010076125574384894 -0.028588705349523829 0.027080060082403625 -0.0062457739336866155 -0.0098505835296709681
leaf_weight=306.50580043904483 4.4172965157777062 14.039367455989124 8.9375476129353029 53.239245269447565
leaf_count=7937 93 257 105 2644
internal_value=0 0.000284192 0.014117 -0.000599309
internal_weight=0 382.722 22.9769 359.745
internal_count=11036 10943 362 10581
is_linear=0
shrinkage=0.0435058


Tree=77
num_leaves=5
num_cat=0
split_feature=4 0 7 0
split_gain=1.83286 2.70442 3.62401 2.06861
threshold=1.5000000000000002 60.500000000000007 30.500000000000004 12.500000000000002
decision_type=10 2 10 2
left_child=1 2 -1 -2
right_child=3 -3 -4 -5
leaf_value=-0.0017794837273646398 0.034007328864040176 0.018497808875694004 0.038688359737488714 -0.0015335545969819852
leaf_weight=356.91747668478638 6.2610788978636247 13.543214239180086 4.2382872924208632 6.1388401500880718
leaf_count=10734 81 123 37 61
internal_value=0 -0.000588837 -0.00130458 0.0164121
internal_weight=0 374.699 361.156 12.3999
internal_count=11036 10894 10771 142
is_linear=0
shrinkage=0.0435058


Tree=78
num_leaves=5
num_cat=0
split_feature=3 4 0 0
split_gain=1.8408 1.87644 3.11664 1.54182
threshold=306.00000000000006 1.5000000000000002 60.500000000000007 12.500000000000002
decision_type=10 10 2 2
left_child=1 2 -1 -3
right_child=-2 3 -4 -5
leaf_value=-0.0010676640885181395 -0.033575010408188652 0.031668840982496199 0.021120081032035845 0.00080396875761590508
leaf_weight=359.2190112285316 3.0741240046918383 6.4270369932055456 12.396213632076977 5.853212159126997
leaf_count=10736 53 81 108 58
internal_value=0 0.000225391 -0.000327533 0.0169575
internal_weight=0 383.895 371.615 12.2802
internal_count=11036 10983 10844 139
is_linear=0
shrinkage=0.0435058


Tree=79
num_leaves=4
num_cat=0
split_feature=2 1 8
split_gain=1.85005 1.9547 2.90597
threshold=6.2500000000000009 5.5000000000000009 4.5000000000000009
decision_type=10 2 2
left_child=1 2 -1
right_child=-2 -3 -4
leaf_value=-0.0012834150421833208 -0.032850682015501891 0.015886942062510977 0.01615078177222044
leaf_weight=350.04355342593044 3.2259727511554948 14.528243912383912 19.082463016733527
leaf_count=10524 79 118 315
internal_value=0 0.000233947 -0.000382131
internal_weight=0 383.654 369.126
internal_count=11036 10957 10839
is_linear=0
shrinkage=0.0435058


Tree=80
num_leaves=7
num_cat=0
split_feature=3 3 4 1 0 3
split_gain=1.79465 5.89 4.61896 4.51931 3.12532 2.82622
threshold=3.5000000000000004 4.5000000000000009 3.5000000000000004 6.5000000000000009 7.5000000000000009 27.500000000000004
decision_type=10 10 10 2 2 10
left_child=2 4 3 -1 -2 -3
right_child=1 5 -4 -5 -6 -7
leaf_value=0.001062607074161889 -0.016988154523696772 0.0082723206739753388 0.04481390989502268 0.053095657830689154 0.00029611367521606478 -0.0048833948566673457
leaf_weight=158.41328834649175 59.542797674424946 81.021550842560828 4.9382892847061148 3.2237148378044358 29.666676199063659 49.970925591886044
leaf_count=5403 2574 1781 47 31 570 630
internal_value=0 -0.00261818 0.00336665 0.00210036 -0.0112403 0.00325369
internal_weight=0 220.202 166.575 161.637 89.2095 130.992
internal_count=11036 5555 5481 5434 3144 2411
is_linear=0
shrinkage=0.0435058


Tree=81
num_leaves=5
num_cat=0
split_feature=2 2 6 9
split_gain=1.74809 2.2005 2.92707 2.51722
threshold=5.7500000000000009 1.0000000180025095e-35 1.7500000000000002 1.0000000180025095e-35
decision_type=10 10 10 2
left_child=1 3 -3 -1
right_child=-2 2 -4 -5
leaf_value=0.00093497251928477247 -0.027787995850761804 0.025418218176992038 -0.0063077915265195936 -0.0093734564167290094
leaf_weight=306.60076208598912 4.2503116056323043 14.331423293799164 8.9363806247711164 52.516242981888354
leaf_count=7937 93 257 105 2644
internal_value=0 0.000267571 0.0132333 -0.000572503
internal_weight=0 382.385 23.2678 359.117
internal_count=11036 10943 362 10581
is_linear=0
shrinkage=0.0435058


Tree=82
num_leaves=4
num_cat=0
split_feature=3 3 6
split_gain=1.7128 1.79285 2.27178
threshold=306.00000000000006 161.00000000000003 89.500000000000014
decision_type=10 10 10
left_child=1 2 -1
right_child=-2 -3 -4
leaf_value=-0.00072314756817839934 -0.032939168453390899 0.018589135710019716 0.024920355155107828
leaf_weight=367.17111483868212 2.9721911232918492 9.7946483418345434 6.6574687324464312
leaf_count=10837 53 88 58
internal_value=0 0.000214955 -0.000266465
internal_weight=0 383.623 373.829
internal_count=11036 10983 10895
is_linear=0
shrinkage=0.0435058


Tree=83
num_leaves=7
num_cat=0
split_feature=3 4 1 3 8 3
split_gain=1.70305 5.29211 7.61617 3.19027 3.21724 2.09563
threshold=1.0000000180025095e-35 3.5000000000000004 3.5000000000000004 4.5000000000000009 4.5000000000000009 27.500000000000004
decision_type=8 8 2 8 2 8
left_child=1 2 -1 4 -2 -5
right_child=3 -3 -4 5 -6 -7
leaf_value=-0.0050300981875476217 -0.0076889263571890071 0.047005677793751428 0.059959210995837141 0.0078292243994700812 0.021275683458870372 -0.0011491715430580213
leaf_weight=31.432613721117377 132.28777354862541 5.759880928322672 3.8288325965404502 81.616833404637873 7.6798022352159014 123.90614583715796
leaf_count=1192 4720 91 36 1781 153 3063
internal_value=0 0.00834229 0.00202671 -0.00103375 -0.00609968 0.00241631
internal_weight=0 41.0213 35.2614 345.491 139.968 205.523
internal_count=11036 1319 1228 9717 4873 4844
is_linear=0
shrinkage=0.0435058


Tree=84
num_leaves=7
num_cat=0
split_feature=3 3 1 4 0 3
split_gain=1.70638 5.05616 3.67796 3.74537 2.9406 2.44792
threshold=3.5000000000000004 4.5000000000000009 6.5000000000000009 3.5000000000000004 7.5000000000000009 27.500000000000004
decision_type=10 10 2 10 2 10
left_child=2 4 3 -1 -2 -3
right_child=1 5 -4 -5 -6 -7
leaf_value=0.0011486580901389294 -0.01632563425313252 0.0074374438612481468 0.045515694150938937 0.040371050390165433 0.00053091356465154367 -0.0047837480714236933
leaf_weight=158.06528841890395 58.199159967713058 82.16573248244822 3.8134149033576241 4.7464662045240393 29.525618711486459 49.837869638577104
leaf_count=5403 2574 1781 33 45 570 630
internal_value=0 -0.00255666 0.00328134 0.00229211 -0.0106522 0.00282334
internal_weight=0 219.728 166.625 162.812 87.7248 132.004
internal_count=11036 5555 5481 5448 3144 2411
is_linear=0
shrinkage=0.0435058


Tree=85
num_leaves=5
num_cat=0
split_feature=2 2 0 9
split_gain=1.68036 2.64649 2.88324 2.23549
threshold=4.2500000000000009 1.0000000180025095e-35 24.500000000000004 1.0000000180025095e-35
decision_type=10 10 2 2
left_child=1 3 -3 -1
right_child=-2 2 -4 -5
leaf_value=0.00086728055403158179 -0.021930912782785177 0.0064700855642774481 0.044541039531289753 -0.008902086321844865
leaf_weight=306.71527484618127 6.5241669584065667 16.247048459947113 4.9009783342480651 51.824550185352564
leaf_count=7937 121 297 37 2644
internal_value=0 0.000337319 0.0152929 -0.000544817
internal_weight=0 379.688 21.148 358.54
internal_count=11036 10915 334 10581
is_linear=0
shrinkage=0.0435058


Tree=86
num_leaves=4
num_cat=0
split_feature=2 7 3
split_gain=1.61231 1.94564 2.34287
threshold=6.2500000000000009 81.500000000000014 236.00000000000003
decision_type=10 10 10
left_child=1 2 -1
right_child=-2 -3 -4
leaf_value=0.00030954732163712641 -0.031734840414716518 0.03382325978056331 -0.030464505827812571
leaf_weight=375.14216103963554 3.0137320868670932 3.2321581132709971 4.741632677614688
leaf_count=10868 79 20 69
internal_value=0 0.000211411 -7.45682e-05
internal_weight=0 383.116 379.884
internal_count=11036 10957 10937
is_linear=0
shrinkage=0.0435058


Tree=87
num_leaves=7
num_cat=0
split_feature=3 3 1 4 6 5
split_gain=1.58203 4.66308 3.2679 3.30432 2.81452 2.46023
threshold=3.5000000000000004 4.5000000000000009 6.5000000000000009 3.5000000000000004 34.500000000000007 29.920000000000005
decision_type=10 10 2 10 10 2
left_child=2 4 3 -1 -2 -3
right_child=1 5 -4 -5 -6 -7
leaf_value=0.0011232341190614728 -0.011681107561085476 0.0009687236548403742 0.042474215852788155 0.037450017603931296 0.034130021734162359 0.023312792731021777
leaf_weight=158.11878889333457 84.226015656255186 122.23495536018163 3.9071179535239926 4.8858398683369151 2.6172589920461169 10.097545837983487
leaf_count=5403 3110 2328 33 45 34 83
internal_value=0 -0.00246703 0.00315455 0.00221208 -0.0103005 0.00267367
internal_weight=0 219.176 166.912 163.005 86.8433 132.333
internal_count=11036 5555 5481 5448 3144 2411
is_linear=0
shrinkage=0.0435058


Tree=88
num_leaves=4
num_cat=0
split_feature=3 3 3
split_gain=1.57481 1.6212 2.27068
threshold=306.00000000000006 161.00000000000003 84.500000000000014
decision_type=10 10 10
left_child=1 2 -1
right_child=-2 -3 -4
leaf_value=0.00025218709555925931 -0.032268394996438889 0.01758333150387038 -0.02284039828258486
leaf_weight=364.89623506739736 2.8479707185178986 9.8957675807178003 8.2414683289825899
leaf_count=10796 53 88 99
internal_value=0 0.000203074 -0.000257857
internal_weight=0 383.033 373.138
internal_count=11036 10983 10895
is_linear=0
shrinkage=0.0435058


Tree=89
num_leaves=4
num_cat=0
split_feature=2 7 3
split_gain=1.52207 1.73437 2.21846
threshold=6.2500000000000009 81.500000000000014 236.00000000000003
decision_type=10 10 10
left_child=1 2 -1
right_child=-2 -3 -4
leaf_value=0.00030090479346113328 -0.031258946065645221 0.031700774175874531 -0.030010357703938274
leaf_weight=375.01906894799322 2.9325851406902066 3.2806374058127394 4.6266148611903182
leaf_count=10868 79 20 69
internal_value=0 0.000203688 -6.84884e-05
internal_weight=0 382.926 379.646
internal_count=11036 10957 10937
is_linear=0
shrinkage=0.0435058


Tree=90
num_leaves=4
num_cat=0
split_feature=3 3 3
split_gain=1.43588 1.51873 2.13084
threshold=306.00000000000006 161.00000000000003 84.500000000000014
decision_type=10 10 10
left_child=1 2 -1
right_child=-2 -3 -4
leaf_value=0.00023182178826460349 -0.031503271716499893 0.016954330299512998 -0.022322992322498073
leaf_weight=365.02652485854924 2.7250209469348183 9.9617490805685502 8.1040531992912275
leaf_count=10796 53 88 99
internal_value=0 0.000189534 -0.000258048
internal_weight=0 383.092 373.131
internal_count=11036 10983 10895
is_linear=0
shrinkage=0.0435058


Tree=91
num_leaves=4
num_cat=0
split_feature=2 7 3
split_gain=1.42962 1.60061 2.06195
threshold=6.2500000000000009 81.500000000000014 236.00000000000003
decision_type=10 10 10
left_child=1 2 -1
right_child=-2 -3 -4
leaf_value=0.00028323450107304432 -0.030741849485583509 0.030304888898627556 -0.029372105956806751
leaf_weight=375.14212299697101 2.8482399079948655 3.3127792514860621 4.4909148402512065
leaf_count=10868 79 20 69
internal_value=0 0.000195169 -6.75769e-05
internal_weight=0 382.946 379.633
internal_count=11036 10957 10937
is_linear=0
shrinkage=0.0435058


Tree=92
num_leaves=7
num_cat=0
split_feature=3 3 1 4 0 5
split_gain=1.39884 4.39497 2.91061 2.93319 2.718 2.19179
threshold=3.5000000000000004 4.5000000000000009 6.5000000000000009 3.5000000000000004 7.5000000000000009 42.370000000000012
decision_type=10 10 2 10 2 2
left_child=2 4 3 -1 -2 -3
right_child=1 5 -4 -5 -6 -7
leaf_value=0.0010248835791603743 -0.015542699072823334 0.0014116571598511839 0.03963288340599784 0.034809642820679831 0.00076293378486275685 0.027916027277865657
leaf_weight=158.42320676334202 56.697075633332133 126.04590472392738 3.9982951674610367 5.0180564597249022 29.374197512865067 6.1958144418895236
leaf_count=5403 2574 2366 33 45 570 45
internal_value=0 -0.00232656 0.00295931 0.00206216 -0.00997795 0.00265345
internal_weight=0 218.313 167.44 163.441 86.0713 132.242
internal_count=11036 5555 5481 5448 3144 2411
is_linear=0
shrinkage=0.0435058


Tree=93
num_leaves=5
num_cat=0
split_feature=2 2 6 9
split_gain=1.35216 2.44158 2.78613 2.02114
threshold=4.2500000000000009 1.0000000180025095e-35 1.7500000000000002 1.0000000180025095e-35
decision_type=10 10 10 2
left_child=1 3 -3 -1
right_child=-2 2 -4 -5
leaf_value=0.00078087808995992226 -0.020249535229934241 0.026574873409406462 -0.0060593034770971173 -0.008550865963416799
leaf_weight=306.79307596385479 6.1613120678812257 13.494941134005787 7.8216199763119212 51.272244316525757
leaf_count=7937 121 242 92 2644
internal_value=0 0.000296215 0.0146005 -0.000555357
internal_weight=0 379.382 21.3166 358.065
internal_count=11036 10915 334 10581
is_linear=0
shrinkage=0.0435058


Tree=94
num_leaves=4
num_cat=0
split_feature=3 3 3
split_gain=1.33404 1.34686 2.03006
threshold=306.00000000000006 161.00000000000003 84.500000000000014
decision_type=10 10 10
left_child=1 2 -1
right_child=-2 -3 -4
leaf_value=0.00023162762757033856 -0.030924280517941223 0.015879289695034448 -0.021930533791295899
leaf_weight=364.81524179223925 2.6277238186448804 10.071831546723841 7.9945344235748044
leaf_count=10796 53 88 99
internal_value=0 0.000180501 -0.000243618
internal_weight=0 382.882 372.81
internal_count=11036 10983 10895
is_linear=0
shrinkage=0.0435058


Tree=95
num_leaves=4
num_cat=0
split_feature=2 6 6
split_gain=1.2939 1.51637 3.21539
threshold=6.2500000000000009 89.500000000000014 57.500000000000007
decision_type=10 10 10
left_child=1 2 -1
right_child=-2 -3 -4
leaf_value=0.00031206092755506175 -0.029919373361775251 0.018674633712107203 -0.030565532261825651
leaf_weight=368.05591406393796 2.722065368667244 8.2126546613872033 6.4959023781120768
leaf_count=10822 79 66 69
internal_value=0 0.000182027 -0.000223453
internal_weight=0 382.764 374.552
internal_count=11036 10957 10891
is_linear=0
shrinkage=0.0435058


Tree=96
num_leaves=7
num_cat=0
split_feature=3 3 1 4 6 3
split_gain=1.28097 4.08758 2.61708 2.60425 2.58646 2.16637
threshold=3.5000000000000004 4.5000000000000009 6.5000000000000009 3.5000000000000004 34.500000000000007 27.500000000000004
decision_type=10 8 2 10 8 10
left_child=2 4 3 -1 -2 -3
right_child=1 5 -4 -5 -6 -7
leaf_value=0.0009815615059371491 -0.011018388407134353 0.006850468008891406 0.037260093723975936 0.032442449760906766 0.03253092711663666 -0.0046543168290949476
leaf_weight=158.54615359660238 82.64004338439554 82.951564316637814 4.0764602180570355 5.1415737979114047 2.6645189747214308 49.445009185001254
leaf_count=5403 3110 1781 33 45 34 630
internal_value=0 -0.0022313 0.00282729 0.00196978 -0.00965811 0.00255388
internal_weight=0 217.701 167.764 163.688 85.3046 132.397
internal_count=11036 5555 5481 5448 3144 2411
is_linear=0
shrinkage=0.0435058


Tree=97
num_leaves=4
num_cat=0
split_feature=3 0 7
split_gain=1.24356 1.34726 2.16347
threshold=306.00000000000006 61.500000000000007 30.500000000000004
decision_type=10 2 10
left_child=1 2 -1
right_child=-2 -3 -4
leaf_value=-0.00068691230343917052 -0.030306763665217437 0.013968730666499113 0.029124441943181621
leaf_weight=365.1767326341942 2.5506243482232085 12.94372816570103 4.6665437482297412
leaf_count=10835 53 109 39
internal_value=0 0.000172089 -0.000310764
internal_weight=0 382.787 369.843
internal_count=11036 10983 10874
is_linear=0
shrinkage=0.0435058


Tree=98
num_leaves=5
num_cat=0
split_feature=2 2 0 9
split_gain=1.22942 1.4807 2.57062 1.84824
threshold=6.2500000000000009 1.0000000180025095e-35 24.500000000000004 1.0000000180025095e-35
decision_type=10 10 2 2
left_child=1 3 -3 -1
right_child=-2 2 -4 -5
leaf_value=0.00073453765438318171 -0.029508614426119482 0.0022046322004779595 0.034177900923303528 -0.0082237626606961982
leaf_weight=306.88745567575097 2.6590940058231345 18.491339929401878 6.4090922698378554 50.808497647754848
leaf_count=7937 79 328 48 2644
internal_value=0 0.000176163 0.0104342 -0.000537933
internal_weight=0 382.596 24.9004 357.696
internal_count=11036 10957 376 10581
is_linear=0
shrinkage=0.0435058


Tree=99
num_leaves=7
num_cat=0
split_feature=3 3 0 1 4 3
split_gain=1.21789 3.7037 2.50148 2.34503 2.30347 2.00712
threshold=3.5000000000000004 4.5000000000000009 7.5000000000000009 6.5000000000000009 3.5000000000000004 27.500000000000004
decision_type=10 10 2 2 10 10
left_child=3 2 -2 4 -1 -3
right_child=1 5 -4 -5 -6 -7
leaf_value=0.0009964297464095525 -0.014747210437173242 0.0064630194990637308 0.00099163181653773801 0.03505273646097895 0.030261628111337577 -0.0046047200879523282
leaf_weight=158.46650546882302 55.237464715726674 83.476158063858747 29.227181797847152 4.1498451437801114 5.2596251070499411 49.346931494772434
leaf_count=5403 2574 1781 570 33 45 630
internal_value=0 -0.00217839 -0.00930112 0.00275518 0.00193656 0.00235109
internal_weight=0 217.288 84.4646 167.876 163.726 132.823
internal_count=11036 5555 3144 5481 5448 2411
is_linear=0
shrinkage=0.0435058


Tree=100
num_leaves=5
num_cat=0
split_feature=2 2 6 3
split_gain=1.20306 2.07929 2.59196 1.70239
threshold=4.2500000000000009 1.0000000180025095e-35 1.7500000000000002 11.500000000000002
decision_type=10 10 8 8
left_child=1 3 -3 -1
right_child=-2 2 -4 -5
leaf_value=-0.0030830263797030064 -0.019417342971856991 0.024718627863202971 -0.006560542489028238 0.0029964729098407358
leaf_weight=206.5211865445599 5.9631888121366492 13.807131845504047 7.8738500066101542 150.86626874282956
leaf_count=7054 121 242 92 3527
internal_value=0 0.000276976 0.013359 -0.000516648
internal_weight=0 379.068 21.681 357.387
internal_count=11036 10915 334 10581
is_linear=0
shrinkage=0.0435058


Tree=101
num_leaves=7
num_cat=0
split_feature=8 6 6 8 0 0
split_gain=1.17471 3.10718 6.11634 2.24693 5.09309 3.57152
threshold=4.5000000000000009 27.250000000000004 6.2500000000000009 2.5000000000000004 1.5000000000000002 1.5000000000000002
decision_type=2 10 8 2 2 2
left_child=3 2 -2 5 -5 -1
right_child=1 -3 -4 4 -6 -7
leaf_value=-0.012407972917374386 0.015116651629216014 0.038917801041625191 -0.047752330439937464 0.042480952808792348 -0.01172313900372938 0.0025438360631543019
leaf_weight=34.031792322173715 12.585633294656878 5.2580953016877165 3.8173323199152938 3.4910716712474814 54.535264893434942 271.28232809249312
leaf_count=2009 231 48 59 176 1182 7331
internal_value=0 0.00981483 0.000485651 -0.000614267 -0.00846203 0.000877235
internal_weight=0 21.6611 16.403 363.34 58.0263 305.314
internal_count=11036 338 290 10698 1358 9340
is_linear=0
shrinkage=0.0435058


Tree=102
num_leaves=4
num_cat=0
split_feature=3 3 3
split_gain=1.16287 1.20625 1.89055
threshold=306.00000000000006 161.00000000000003 84.500000000000014
decision_type=10 10 10
left_child=1 2 -1
right_child=-2 -3 -4
leaf_value=0.00021517942575546985 -0.029716131305430687 0.014940671647518914 -0.021373095537974719
leaf_weight=364.46026481781155 2.4811858981847754 10.178528591990469 7.8431824371218672
leaf_count=10796 53 88 99
internal_value=0 0.000164362 -0.000239613
internal_weight=0 382.482 372.303
internal_count=11036 10983 10895
is_linear=0
shrinkage=0.0435058


Tree=103
num_leaves=6
num_cat=0
split_feature=3 4 1 1 8
split_gain=1.14128 3.49693 4.42181 1.92605 2.07423
threshold=1.0000000180025095e-35 39.000000000000007 4.5000000000000009 8.5000000000000018 4.5000000000000009
decision_type=8 8 2 2 2
left_child=1 2 -1 4 -2
right_child=3 -3 -4 -5 -6
leaf_value=-0.0014382043667930547 -0.0013869717448534496 0.045592250029830965 0.056402009482601302 -0.033107168714735846 0.012877635925973482
leaf_weight=35.119292392395437 319.15001005958766 3.9722977746278039 2.6935666967183343 3.468997433781623 20.535925263538957
leaf_count=1227 9375 71 21 26 316
internal_value=0 0.00676125 0.00268199 -0.000853977 -0.000524596
internal_weight=0 41.7852 37.8129 343.155 339.686
internal_count=11036 1319 1248 9717 9691
is_linear=0
shrinkage=0.0435058


Tree=104
num_leaves=5
num_cat=0
split_feature=2 2 6 9
split_gain=1.12012 1.87964 2.31089 1.60704
threshold=4.2500000000000009 1.0000000180025095e-35 1.7500000000000002 1.0000000180025095e-35
decision_type=10 10 10 2
left_child=1 3 -3 -1
right_child=-2 2 -4 -5
leaf_value=0.00068520398289831082 -0.018885512190320114 0.023163391679683076 -0.0063157864888374908 -0.0077176104134912644
leaf_weight=306.96589089184999 5.8704499918967477 14.087849400937559 7.8309364058077326 50.112217021174729
leaf_count=7937 121 242 92 2644
internal_value=0 0.000265046 0.0126313 -0.000494044
internal_weight=0 378.997 21.9188 357.078
internal_count=11036 10915 334 10581
is_linear=0
shrinkage=0.0435058


Tree=105
num_leaves=8
num_cat=0
split_feature=3 3 0 8 5 0 5
split_gain=1.09675 3.34978 2.35887 2.07741 3.01385 2.78225 2.02012
threshold=3.5000000000000004 4.5000000000000009 7.5000000000000009 1.5000000000000002 6.8400000000000007 1.5000000000000002 29.920000000000005
decision_type=10 10 2 2 2 2 2
left_child=3 2 -2 5 -5 -1 -3
right_child=1 6 -4 4 -6 -7 -8
leaf_value=-0.0098423174243598456 -0.014257662960182722 0.00066022951882226079 0.0010772438277359703 -0.0016521669783525668 -0.03917942266240497 0.0082798765776964135 0.020716295155525311
leaf_weight=18.931496473029256 54.359952438622713 122.83929473347962 29.176393350586295 39.911973885260522 4.5081562027335158 104.80473431013525 10.302874803543089
leaf_count=1151 2574 2328 570 1183 66 3081 83
internal_value=0 -0.00207255 -0.0089017 0.00260991 -0.00546077 0.0055072 0.00221222
internal_weight=0 216.679 83.5363 168.156 44.4201 123.736 133.142
internal_count=11036 5555 3144 5481 1249 4232 2411
is_linear=0
shrinkage=0.0435058


Tree=106
num_leaves=5
num_cat=0
split_feature=3 6 12 6
split_gain=1.10945 1.14749 5.99022 3.65987
threshold=306.00000000000006 0.75000000000000011 1.0000000180025095e-35 4.2500000000000009
decision_type=10 10 2 10
left_child=1 2 -1 -3
right_child=-2 3 -4 -5
leaf_value=0.00093163137802687568 -0.029314952987154169 0.017958169971673585 -0.019748714221713749 -0.0014901021353068544
leaf_weight=267.83859754353762 2.4325778800994149 26.696755386888981 29.422978087328374 58.331448290497065
leaf_count=8799 53 595 755 834
internal_value=0 0.000159476 -0.00111531 0.00461617
internal_weight=0 382.29 297.262 85.0282
internal_count=11036 10983 9554 1429
is_linear=0
shrinkage=0.0435058


Tree=107
num_leaves=4
num_cat=0
split_feature=2 7 3
split_gain=1.07022 1.39419 1.85589
threshold=6.2500000000000009 81.500000000000014 236.00000000000003
decision_type=10 10 10
left_child=1 2 -1
right_child=-2 -3 -4
leaf_value=0.00023729492708372818 -0.028371197313433818 0.028094374662438439 -0.028572623020218915
leaf_weight=374.58605120144784 2.5049274303019038 3.3518191017210475 4.2805223762989035
leaf_count=10868 79 20 69
internal_value=0 0.000158938 -8.82062e-05
internal_weight=0 382.218 378.867
internal_count=11036 10957 10937
is_linear=0
shrinkage=0.0435058


Tree=108
num_leaves=4
num_cat=0
split_feature=0 0 5
split_gain=1.05185 2.35593 2.16997
threshold=103.50000000000001 61.500000000000007 11.510000000000003
decision_type=2 2 2
left_child=1 2 -1
right_child=-2 -3 -4
leaf_value=0.0005524419920517812 -0.026490760598810236 0.019566529921419908 -0.011692118315294892
leaf_weight=340.57600179128349 2.821708306670188 11.495155211538075 29.790524564683437
leaf_count=10518 24 101 393
internal_value=0 0.000169576 -0.000432452
internal_weight=0 381.862 370.367
internal_count=11036 11012 10911
is_linear=0
shrinkage=0.0435058


Tree=109
num_leaves=7
num_cat=0
split_feature=8 6 6 8 0 0
split_gain=1.02628 2.70904 5.74829 1.94021 4.62076 3.04199
threshold=4.5000000000000009 27.250000000000004 6.2500000000000009 2.5000000000000004 1.5000000000000002 1.5000000000000002
decision_type=2 10 8 2 2 2
left_child=3 2 -2 5 -5 -1
right_child=1 -3 -4 4 -6 -7
leaf_value=-0.011625686417369222 0.014145460646591106 0.035806785221264167 -0.047581298860812617 0.039798201089319918 -0.011124020901526747 0.0023170767947465563
leaf_weight=33.232333771884441 12.765347892418509 5.4188644289970389 3.6783453188836566 3.5989335635676971 53.682137514464557 272.31538498029113
leaf_count=2009 231 48 59 176 1182 7331
internal_value=0 0.009129 0.000337593 -0.000576865 -0.00792461 0.000800618
internal_weight=0 21.8626 16.4437 362.829 57.2811 305.548
internal_count=11036 338 290 10698 1358 9340
is_linear=0
shrinkage=0.0435058


Tree=110
num_leaves=4
num_cat=0
split_feature=3 3 6
split_gain=1.01276 1.07301 1.81896
threshold=306.00000000000006 161.00000000000003 89.500000000000014
decision_type=10 10 10
left_child=1 2 -1
right_child=-2 -3 -4
leaf_value=-0.00065035435111272246 -0.028574008110285903 0.014014228089609601 0.022016046610638405
leaf_weight=365.20566037949175 2.3377431556582442 10.279823217540978 6.8264519870281211
leaf_count=10837 53 88 58
internal_value=0 0.00014868 -0.000234446
internal_weight=0 382.312 372.032
internal_count=11036 10983 10895
is_linear=0
shrinkage=0.0435058


Tree=111
num_leaves=6
num_cat=0
split_feature=3 4 1 1 8
split_gain=1.02136 3.08355 3.85975 1.81832 1.82179
threshold=1.0000000180025095e-35 39.000000000000007 4.5000000000000009 8.5000000000000018 4.5000000000000009
decision_type=8 8 2 2 2
left_child=1 2 -1 4 -2
right_child=3 -3 -4 -5 -6
leaf_value=-0.0014129473559584065 -0.0013062119651739449 0.042235380747795086 0.051772520036279683 -0.03241975562170455 0.011993196953324037
leaf_weight=35.083749620243907 318.42770710494369 4.0968405753374091 2.7878881599754086 3.4101250618696204 20.76657534763217
leaf_count=1227 9375 71 21 26 316
internal_value=0 0.00638089 0.00250226 -0.000809773 -0.000491979
internal_weight=0 41.9685 37.8716 342.604 339.194
internal_count=11036 1319 1248 9717 9691
is_linear=0
shrinkage=0.0435058


Tree=112
num_leaves=4
num_cat=0
split_feature=2 7 3
split_gain=1.01753 1.31059 1.7223
threshold=5.7500000000000009 81.500000000000014 236.00000000000003
decision_type=10 10 10
left_child=1 2 -1
right_child=-2 -3 -4
leaf_value=0.00025821969122716287 -0.023395774501683748 0.027160983828697131 -0.02789467921489449
leaf_weight=373.46565561462194 3.4939785189926615 3.3797395192086688 4.158787550404667
leaf_count=10854 93 20 69
internal_value=0 0.000189565 -5.18289e-05
internal_weight=0 381.004 377.624
internal_count=11036 10943 10923
is_linear=0
shrinkage=0.0435058


Tree=113
num_leaves=4
num_cat=0
split_feature=0 0 5
split_gain=1.01143 2.10082 2.08258
threshold=103.50000000000001 61.500000000000007 11.510000000000003
decision_type=2 2 2
left_child=1 2 -1
right_child=-2 -3 -4
leaf_value=0.00055593065047821009 -0.026170101708352978 0.018354643415123443 -0.011476899305105388
leaf_weight=340.43970455322415 2.7801182791590682 11.653042204678057 29.590886687859893
leaf_count=10518 24 101 393
internal_value=0 0.000166464 -0.00040632
internal_weight=0 381.684 370.031
internal_count=11036 11012 10911
is_linear=0
shrinkage=0.0435058


Tree=114
num_leaves=8
num_cat=0
split_feature=6 12 8 6 12 6 3
split_gain=0.984148 4.98877 3.65831 3.30347 13.743 4.34069 1.39201
threshold=0.75000000000000011 1.0000000180025095e-35 3.5000000000000004 4.2500000000000009 1.0000000180025095e-35 10.250000000000002 11.500000000000002
decision_type=8 2 2 8 2 8 10
left_child=1 2 -1 4 -2 -5 -3
right_child=3 6 -4 5 -6 -7 -8
leaf_value=-0.0010663421955683333 0.003314582084728639 -0.027588542134978165 0.02477529086553823 -0.024115901579116986 0.08932361773961589 0.0023345005594177467 -0.0045308462825077054
leaf_weight=189.30369744449854 23.200441246852282 16.69251722749323 10.969814217649398 13.015958961099384 4.1444550659507504 120.09681025147438 7.0481398291885844
leaf_count=6281 524 504 266 267 77 3011 106
internal_value=0 -0.00188621 0.000349112 0.00257745 0.0163503 -0.000251858 -0.0207432
internal_weight=0 224.014 200.274 160.458 27.3449 133.113 23.7407
internal_count=11036 7157 6547 3879 601 3278 610
is_linear=0
shrinkage=0.0435058


Tree=115
num_leaves=4
num_cat=0
split_feature=2 7 3
split_gain=0.960933 1.21132 1.60732
threshold=6.2500000000000009 81.500000000000014 236.00000000000003
decision_type=10 10 10
left_child=1 2 -1
right_child=-2 -3 -4
leaf_value=0.00020950909720880882 -0.02749213967152753 0.025923611580808682 -0.027284645594464644
leaf_weight=374.57529833074659 2.3958302894607177 3.4197509810328475 4.0682454872876397
leaf_count=10868 79 20 69
internal_value=0 0.000146909 -8.58953e-05
internal_weight=0 382.063 378.644
internal_count=11036 10957 10937
is_linear=0
shrinkage=0.0435058


Tree=116
num_leaves=7
num_cat=0
split_feature=3 3 0 1 3 4
split_gain=0.949678 3.09976 2.24855 1.98804 1.90722 1.88008
threshold=3.5000000000000004 4.5000000000000009 7.5000000000000009 6.5000000000000009 27.500000000000004 3.5000000000000004
decision_type=10 10 2 2 10 10
left_child=3 2 -2 5 -3 -1
right_child=1 4 -4 -5 -6 -7
leaf_value=0.00080051757800357723 -0.013832900024712829 0.0061643077722187802 0.0011861728043322619 0.031796277984402828 -0.004628287572251949 0.026794173341838329
leaf_weight=158.96367966942489 53.62523350212723 83.867303549312055 29.108874879777431 4.2508372254669657 49.15614284016192 5.4471300058066836
leaf_count=5403 2574 1781 570 33 630 45
internal_value=0 -0.00193638 -0.00854864 0.00242121 0.00217612 0.00166172
internal_weight=0 215.758 82.7341 168.662 133.023 164.411
internal_count=11036 5555 3144 5481 2411 5448
is_linear=0
shrinkage=0.0435058


Tree=117
num_leaves=4
num_cat=0
split_feature=0 0 5
split_gain=0.943079 1.93931 1.95486
threshold=103.50000000000001 61.500000000000007 11.510000000000003
decision_type=2 2 2
left_child=1 2 -1
right_child=-2 -3 -4
leaf_value=0.00053352417143315647 -0.025516948303355796 0.01754820931929623 -0.011166071067837112
leaf_weight=340.44018288888037 2.7272508330643168 11.763030808418987 29.362792899832129
leaf_count=10518 24 101 393
internal_value=0 0.000157735 -0.000395438
internal_weight=0 381.566 369.803
internal_count=11036 11012 10911
is_linear=0
shrinkage=0.0435058


Tree=118
num_leaves=4
num_cat=0
split_feature=3 3 3
split_gain=0.905037 1.08755 1.7654
threshold=306.00000000000006 161.00000000000003 84.500000000000014
decision_type=10 10 10
left_child=1 2 -1
right_child=-2 -3 -4
leaf_value=0.00018745420036219188 -0.027725527553073961 0.014117972889423146 -0.020875504544373893
leaf_weight=364.13999405596405 2.2193737085908642 10.248693883419035 7.6908712815493336
leaf_count=10796 53 88 99
internal_value=0 0.000137143 -0.000248208
internal_weight=0 382.08 371.831
internal_count=11036 10983 10895
is_linear=0
shrinkage=0.0435058


Tree=119
num_leaves=5
num_cat=0
split_feature=2 6 12 6
split_gain=0.896169 1.19204 5.30101 2.67641
threshold=6.2500000000000009 0.75000000000000011 1.0000000180025095e-35 4.2500000000000009
decision_type=10 10 2 10
left_child=1 2 -1 -3
right_child=-2 3 -4 -5
leaf_value=0.00074061336260223642 -0.026917637498374312 0.015842123758565613 -0.018951244377309353 -0.00067172504956172546
leaf_weight=268.63305744063109 2.3308346932753912 27.518965385854244 28.632869306951761 57.160744197666645
leaf_count=8798 79 593 758 808
internal_value=0 0.000141086 -0.00115612 0.0046949
internal_weight=0 381.946 297.266 84.6797
internal_count=11036 10957 9556 1401
is_linear=0
shrinkage=0.0435058


end of trees

feature_importances:
meds_antimicrobianos=123
hospital_stay=111
digoxina=68
antiarritmico=65
admission_pre_t0_count=64
comorbidities_count=37
icu_t0=36
bic=34
anticonvulsivante=24
procedure_type_new_X2=24
prior_mi_X1=5

parameters:
[boosting: gbdt]
[objective: binary]
[metric: binary_logloss]
[tree_learner: serial]
[device_type: cpu]
[data: ]
[valid: ]
[num_iterations: 120]
[learning_rate: 0.0435058]
[num_leaves: 8]
[num_threads: 0]
[deterministic: 1]
[force_col_wise: 0]
[force_row_wise: 0]
[histogram_pool_size: -1]
[max_depth: 3]
[min_data_in_leaf: 65]
[min_sum_hessian_in_leaf: 0.001]
[bagging_fraction: 1]
[pos_bagging_fraction: 1]
[neg_bagging_fraction: 1]
[bagging_freq: 0]
[bagging_seed: 31405]
[feature_fraction: 1]
[feature_fraction_bynode: 1]
[feature_fraction_seed: 5193]
[extra_trees: 0]
[extra_seed: 32540]
[early_stopping_round: 0]
[first_metric_only: 0]
[max_delta_step: 0]
[lambda_l1: 0]
[lambda_l2: 0]
[linear_lambda: 0]
[min_gain_to_split: 0]
[drop_rate: 0.1]
[max_drop: 50]
[skip_drop: 0.5]
[xgboost_dart_mode: 0]
[uniform_drop: 0]
[drop_seed: 20850]
[top_rate: 0.2]
[other_rate: 0.1]
[min_data_per_group: 100]
[max_cat_threshold: 32]
[cat_l2: 10]
[cat_smooth: 10]
[max_cat_to_onehot: 4]
[top_k: 20]
[monotone_constraints: ]
[monotone_constraints_method: basic]
[monotone_penalty: 0]
[feature_contri: ]
[forcedsplits_filename: ]
[refit_decay_rate: 0.9]
[cegb_tradeoff: 1]
[cegb_penalty_split: 0]
[cegb_penalty_feature_lazy: ]
[cegb_penalty_feature_coupled: ]
[path_smooth: 0]
[interaction_constraints: ]
[verbosity: -1]
[saved_feature_importance_type: 0]
[linear_tree: 0]
[max_bin: 255]
[max_bin_by_feature: ]
[min_data_in_bin: 3]
[bin_construct_sample_cnt: 200000]
[data_random_seed: 23711]
[is_enable_sparse: 1]
[enable_bundle: 1]
[use_missing: 1]
[zero_as_missing: 0]
[feature_pre_filter: 0]
[pre_partition: 0]
[two_round: 0]
[header: 0]
[label_column: ]
[weight_column: ]
[group_column: ]
[ignore_column: ]
[categorical_feature: ]
[forcedbins_filename: ]
[precise_float_parser: 0]
[objective_seed: 10367]
[num_class: 1]
[is_unbalance: 0]
[scale_pos_weight: 1]
[sigmoid: 1]
[boost_from_average: 1]
[reg_sqrt: 0]
[alpha: 0.9]
[fair_c: 1]
[poisson_max_delta_step: 0.7]
[tweedie_variance_power: 1.5]
[lambdarank_truncation_level: 30]
[lambdarank_norm: 1]
[label_gain: ]
[eval_at: ]
[multi_error_top_k: 1]
[auc_mu_weights: ]
[num_machines: 1]
[local_listen_port: 12400]
[time_out: 120]
[machine_list_filename: ]
[machines: ]
[gpu_platform_id: -1]
[gpu_device_id: -1]
[gpu_use_dp: 0]
[num_gpu: 1]

end of parameters
