tree
version=v3
num_class=1
num_tree_per_iteration=1
label_index=0
max_feature_idx=20
objective=binary sigmoid:1
feature_names=hospital_stay age year_adm_t0 admission_pre_t0_count espironolactona comorbidities_count ieca_bra meds_cardiovasc_qtde antiarritmico education_level_X2 education_level_X4 education_level_X999 education_level_.merged nyha_basal_X2 nyha_basal_X3 nyha_basal_unknown nyha_basal_.merged cied_final_group_1_X2 cied_final_group_1_.merged ventilacao_mecanica_unknown ventilacao_mecanica_.merged
feature_infos=[0:360] [0:103.59999999999999] [1999:2021] [0:38] [0:141] [0:8] [0:530] [0:5140] [0:844] [0:1] [0:1] [0:1] [0:1] [0:1] [0:1] [0:1] [0:1] [0:1] none [0:1] none
tree_sizes=964 980 983 975 979 975 979 978 984 980 985 988 989 985 988 978 985 984 882 989 993 983 770 984 991 998 983 992 981 884 889 977 978 884 985 995 887 983 992 887 990 891 885 883 883 989 680 988 884 885 979 892 979 774 999 675 985 893 773 888 886 985 986 890 993 871 888 980 984 992 883 883 780 984 891 883 991 881 998 978 670 978 773 892 567 875 979 990 992 567 980 895 884

Tree=0
num_leaves=8
num_cat=0
split_feature=0 11 4 3 3 5 3
split_gain=277.832 94.4624 91.6108 66.046 40.9185 29.9587 22.8801
threshold=13.500000000000002 1.0000000180025095e-35 1.5000000000000002 3.5000000000000004 1.0000000180025095e-35 3.5000000000000004 1.0000000180025095e-35
decision_type=2 2 10 2 2 2 2
left_child=2 5 4 -3 -1 -2 -4
right_child=1 3 6 -5 -6 -7 -8
leaf_value=-2.8352384728589004 -2.7762248331333912 -2.6261237897708662 -2.7578980742604697 -2.2298967312827935 -2.7869004628432035 -2.6382791705345792 -2.6598186730619724
leaf_weight=332.25915357470512 39.380880005657673 44.065189383924007 34.042946062982082 2.2332172617316237 120.59373213350773 9.9677746072411519 18.573831371963024
leaf_count=6100 723 809 625 41 2214 183 341
internal_value=-2.79103 -2.67994 -2.81205 -2.60701 -2.82237 -2.74836 -2.72328
internal_weight=0 95.6471 505.47 46.2984 452.853 49.3487 52.6168
internal_count=11036 1756 9280 850 8314 906 966
is_linear=0
shrinkage=1


Tree=1
num_leaves=8
num_cat=0
split_feature=0 4 11 2 3 6 3
split_gain=218.679 78.349 58.8193 38.9976 37.3366 27.5072 15.8075
threshold=13.500000000000002 1.0000000180025095e-35 1.0000000180025095e-35 2015.5000000000002 1.0000000180025095e-35 96.000000000000014 1.5000000000000002
decision_type=2 10 2 10 2 10 2
left_child=1 4 5 -4 -1 -2 -3
right_child=2 6 3 -5 -6 -7 -8
leaf_value=-0.043596976115980013 0.026266439625196963 0.040249133845347458 0.1738485347611094 0.022785364474001795 0.0032504009017728999 0.26930081928320687 0.14733960890338635
leaf_weight=314.35329647362232 48.821694247424603 55.800960060209036 43.741406366229057 10.757710754871367 118.30149146914482 2.4720911234617224 7.957123886793851
leaf_count=6002 863 982 681 169 2164 43 132
internal_value=0 -0.0199471 0.0926112 0.14403 -0.0307874 0.0379794 0.0536142
internal_weight=0 496.413 105.793 54.4991 432.655 51.2938 63.7581
internal_count=11036 9280 1756 850 8166 906 1114
is_linear=0
shrinkage=0.0710806


Tree=2
num_leaves=8
num_cat=0
split_feature=0 4 11 4 1 7 3
split_gain=178.298 67.3158 58.5744 36.6177 30.9613 24.8876 12.2927
threshold=10.500000000000002 1.5000000000000002 1.0000000180025095e-35 3.5000000000000004 75.950000000000017 95.250000000000014 1.0000000180025095e-35
decision_type=2 10 2 10 2 10 2
left_child=1 4 5 -4 -1 -2 -3
right_child=2 6 3 -5 -6 -7 -8
leaf_value=-0.045332943362967955 -0.016187999470457941 0.027824726453416812 0.082896869114420055 0.1958356892379377 -0.0039491385747938519 0.070626412023546539 0.099434928808349282
leaf_weight=271.34783619642258 38.268563400954008 32.247373200953007 54.274929881095886 19.794630981981754 137.68799544870853 29.580176997929811 19.396658822894096
leaf_count=5255 681 555 802 280 2669 497 297
internal_value=0 -0.0217478 0.0693735 0.113079 -0.0314025 0.0216607 0.0547204
internal_weight=0 460.68 141.918 74.0696 409.036 67.8487 51.644
internal_count=11036 8776 2260 1082 7924 1178 852
is_linear=0
shrinkage=0.0710806


Tree=3
num_leaves=8
num_cat=0
split_feature=0 4 3 6 2 3 2
split_gain=147.698 57.6471 51.3151 37.0401 28.2503 27.5832 8.80211
threshold=9.5000000000000018 1.0000000180025095e-35 1.0000000180025095e-35 99.500000000000014 2015.5000000000002 3.5000000000000004 2015.5000000000002
decision_type=2 10 2 10 10 2 10
left_child=1 5 3 -2 -4 -1 -3
right_child=2 6 4 -5 -6 -7 -8
leaf_value=-0.034559367495641855 0.018810289552823212 0.067881619686430306 0.14097561991680871 0.24747162766897757 0.032561886797369113 0.1021364481689311 0.012802108337536611
leaf_weight=373.85360663384199 98.408382948487997 33.048254173249006 42.65669996663928 3.714314490556716 16.977019131183624 7.6100446842610827 26.344882767647505
leaf_count=7466 1546 532 607 47 272 143 423
internal_value=0 -0.0216901 0.0577203 0.027127 0.110112 -0.0318323 0.0434501
internal_weight=0 440.857 161.756 102.123 59.6337 381.464 59.3931
internal_count=11036 8564 2472 1593 879 7609 955
is_linear=0
shrinkage=0.0710806


Tree=4
num_leaves=8
num_cat=0
split_feature=0 4 11 5 3 7 2
split_gain=123.166 50.3413 43.1519 29.0977 27.3762 19.0313 7.69674
threshold=9.5000000000000018 1.5000000000000002 1.0000000180025095e-35 2.5000000000000004 5.5000000000000009 173.25000000000003 2015.5000000000002
decision_type=2 10 2 2 2 10 10
left_child=1 3 5 -1 -4 -2 -3
right_child=2 6 4 -5 -6 -7 -8
leaf_value=-0.03651916788665921 -0.0077053278701665765 0.067703598290515796 0.07672276490254111 0.027403152794351744 0.29431302238915225 0.074386148735354041 0.013524615747201369
leaf_weight=338.46759088337421 59.385522704571486 30.02157524228096 88.757452707737684 40.259116906672716 3.0208710432052603 18.780711513012648 23.711164087057114
leaf_count=6934 1006 445 1167 816 27 272 369
internal_value=0 -0.0205894 0.0508297 -0.0297241 0.0838847 0.0120185 0.0437955
internal_weight=0 432.459 169.945 378.727 91.7783 78.1662 53.7327
internal_count=11036 8564 2472 7750 1194 1278 814
is_linear=0
shrinkage=0.0710806


Tree=5
num_leaves=8
num_cat=0
split_feature=4 3 3 2 0 7 5
split_gain=105.839 60.0587 46.2033 42.1187 29.7114 13.7122 7.65947
threshold=3.5000000000000004 1.0000000180025095e-35 6.5000000000000009 2015.5000000000002 14.500000000000002 36.250000000000007 4.5000000000000009
decision_type=10 2 2 10 2 10 2
left_child=1 4 -3 5 -1 -2 -5
right_child=3 2 -4 6 -6 -7 -8
leaf_value=-0.036336671706703752 0.030849911724397903 0.018047055479318515 0.26540995287331287 -0.0024965404666176319 0.022395695670891835 0.13304548114508655 0.11931696622707615
leaf_weight=311.34333676844835 7.9034774415194979 157.11526187136769 3.9100425690412512 26.763415511697534 50.589277110993862 41.284379236400127 2.8895964734256259
leaf_count=6496 112 2740 50 395 703 501 39
internal_value=0 -0.0120602 0.0240536 0.0762864 -0.0281273 0.116625 0.00937382
internal_weight=0 522.958 161.025 78.8409 361.933 49.1879 29.653
internal_count=11036 9989 2790 1047 7199 613 434
is_linear=0
shrinkage=0.0710806


Tree=6
num_leaves=8
num_cat=0
split_feature=0 11 3 4 1 5 6
split_gain=94.4145 45.999 36.7784 32.7837 30.1881 20.7525 7.87402
threshold=6.5000000000000009 1.0000000180025095e-35 1.5000000000000002 1.5000000000000002 75.950000000000017 1.5000000000000002 13.250000000000002
decision_type=2 2 2 10 2 2 8
left_child=3 5 -3 4 -1 -2 -5
right_child=1 2 -4 6 -6 -7 -8
leaf_value=-0.047355605216023451 -0.034984984145237812 0.045709430445855868 0.1457759731250873 0.022898809594996582 -0.0013233005006718591 0.027407061992532563 0.12011866647848039
leaf_weight=207.64855128899217 47.124695353209972 104.79997574910522 22.550514828413725 41.314019657671452 110.16948618739843 62.867874335497618 4.6865655183792105
leaf_count=4492 853 1484 241 603 2305 991 67
internal_value=0 0.0343471 0.0634287 -0.0232812 -0.0313988 0.000676109 0.0328036
internal_weight=0 237.343 127.35 363.819 317.818 109.993 46.0006
internal_count=11036 3569 1725 7467 6797 1844 670
is_linear=0
shrinkage=0.0710806


Tree=7
num_leaves=8
num_cat=0
split_feature=0 3 4 1 6 2 6
split_gain=80.737 39.9167 28.864 28.0913 23.5985 22.4671 5.79603
threshold=6.5000000000000009 1.0000000180025095e-35 1.5000000000000002 75.950000000000017 149.25000000000003 2016.5000000000002 13.250000000000002
decision_type=2 2 10 2 10 10 8
left_child=2 4 3 -1 -2 -3 -4
right_child=1 5 6 -5 -6 -7 -8
leaf_value=-0.045988301692609826 0.0049191327700178183 0.086461929710380747 0.020846700921416453 -0.0012307580145684864 0.2219792462033488 0.0012971352124982146 0.10051085582424606
leaf_weight=198.94421146064997 149.53472465649247 71.900948207825422 42.123667169362307 110.03853725269437 2.5741811990737906 20.004912301898003 5.1819540262222281
leaf_count=4492 2381 863 603 2305 23 302 67
internal_value=0 0.0309393 -0.0221325 -0.0300487 0.0085925 0.0679243 0.0295733
internal_weight=0 244.015 356.288 308.983 152.109 91.9059 47.3056
internal_count=11036 3569 7467 6797 2404 1165 670
is_linear=0
shrinkage=0.0710806


Tree=8
num_leaves=8
num_cat=0
split_feature=4 3 17 11 2 5 7
split_gain=72.1368 38.1564 31.3351 27.0183 25.9236 15.032 14.8192
threshold=1.0000000180025095e-35 3.5000000000000004 1.0000000180025095e-35 1.0000000180025095e-35 2015.5000000000002 4.5000000000000009 57.250000000000007
decision_type=10 2 2 2 10 2 10
left_child=1 2 -1 -3 6 -6 -2
right_child=4 3 -4 -5 5 -7 -8
leaf_value=-0.023005152794288504 0.03779827252234718 -0.016149878145623808 0.053395358876246579 0.16529045654688979 -0.0071620137940072107 0.12968478494106381 0.09686541541654077
leaf_weight=415.95492176711559 41.258030168712139 7.0746605917811403 29.015137642621994 10.018851410597563 46.871441636234522 4.4397056102752677 44.722664747387171
leaf_count=8538 562 112 512 114 694 54 450
internal_value=0 -0.0140199 -0.0180233 0.090196 0.0446613 0.00467868 0.0685219
internal_weight=0 462.064 444.97 17.0935 137.292 51.3111 85.9807
internal_count=11036 9276 9050 226 1760 748 1012
is_linear=0
shrinkage=0.0710806


Tree=9
num_leaves=8
num_cat=0
split_feature=0 11 5 2 4 2 5
split_gain=64.0897 33.1706 25.811 32.732 25.7032 21.2416 16.2486
threshold=6.5000000000000009 1.0000000180025095e-35 2.5000000000000004 2013.5000000000002 1.5000000000000002 2015.5000000000002 1.5000000000000002
decision_type=2 2 2 8 10 10 2
left_child=2 6 4 -4 -1 -3 -2
right_child=1 5 3 -5 -6 -7 -8
leaf_value=-0.035612592312173848 -0.034298395109272517 0.062186840767427726 -0.04483306663063151 0.07644008657599706 0.030321217380262454 -0.012641026584969389 0.020458672400674845
leaf_weight=265.04486257582903 46.329245798289776 116.33636965602636 18.603129163384438 28.427728172391653 33.667103543877602 22.948271125555038 66.943027686327696
leaf_count=6128 853 1402 373 503 463 323 991
internal_value=0 0.0266279 -0.0204751 0.0284703 -0.0281814 0.0498583 -0.0019374
internal_weight=0 252.557 345.743 47.0309 298.712 139.285 113.272
internal_count=11036 3569 7467 876 6591 1725 1844
is_linear=0
shrinkage=0.0710806


Tree=10
num_leaves=8
num_cat=0
split_feature=3 0 11 2 5 2 1
split_gain=55.9141 38.9445 31.0151 25.3106 23.9183 21.7076 15.0194
threshold=1.0000000180025095e-35 16.500000000000004 1.0000000180025095e-35 2002.5000000000002 1.5000000000000002 2009.5000000000002 71.850000000000009
decision_type=2 2 2 8 2 8 2
left_child=1 4 5 -4 -1 -2 -3
right_child=2 6 3 -5 -6 -7 -8
leaf_value=-0.039878315807217977 -0.052919580796833884 0.010619566886616399 -0.076505838465525638 0.063918948074385251 0.0023309657833652745 0.021272425178028583 0.083341199469119651
leaf_weight=222.09754480794072 27.928864907473326 49.885862704366446 6.9206172935664645 103.05166860669851 97.65255706012249 69.5274268835783 20.143089711666107
leaf_count=5059 521 602 123 1473 1920 1097 241
internal_value=0 -0.0164728 0.0292077 0.0550819 -0.0269875 1.06013e-05 0.0315372
internal_weight=0 389.779 207.429 109.972 319.75 97.4563 70.029
internal_count=11036 7822 3214 1596 6979 1618 843
is_linear=0
shrinkage=0.0710806


Tree=11
num_leaves=8
num_cat=0
split_feature=4 1 5 17 2 5 3
split_gain=50.938 33.2919 32.9246 31.0093 18.1987 10.702 10.1911
threshold=1.0000000180025095e-35 74.450000000000017 2.5000000000000004 1.0000000180025095e-35 2015.5000000000002 4.5000000000000009 1.0000000180025095e-35
decision_type=10 2 2 2 10 2 2
left_child=1 3 -3 -1 6 -6 -2
right_child=4 2 -4 -5 5 -7 -8
leaf_value=-0.035792789259688165 0.033344360730597711 -0.00074402694241515867 0.087925973784977629 0.04501876368857171 -0.0082418959225371603 0.099681512588148474 0.080393549469336245
leaf_weight=247.53570342436433 51.728699203580618 150.89176180586219 24.608259968459606 26.565621592104435 47.508871577680111 5.1450828462839118 42.265756018459797
leaf_count=5346 616 3096 405 429 694 54 396
internal_value=0 -0.0124835 0.0116891 -0.0279606 0.0357594 0.00230384 0.0545006
internal_weight=0 449.601 175.5 274.101 146.648 52.654 93.9945
internal_count=11036 9276 3501 5775 1760 748 1012
is_linear=0
shrinkage=0.0710806


Tree=12
num_leaves=8
num_cat=0
split_feature=0 11 7 1 2 3 1
split_gain=47.9664 24.404 19.9957 21.6523 17.4368 14.2239 13.0805
threshold=6.5000000000000009 1.0000000180025095e-35 10.250000000000002 80.350000000000009 2002.5000000000002 1.5000000000000002 87.450000000000017
decision_type=2 2 10 2 10 2 2
left_child=2 6 3 -1 -3 -4 -2
right_child=1 4 5 -5 -6 -7 -8
leaf_value=-0.041142621998620163 -0.0070846110038818846 -0.077691205973870914 -0.00098259087689778093 0.0094425295558414734 0.046215386382541995 0.083670456129976936 0.12612852469636915
leaf_weight=183.97349591180682 110.02506257593632 5.9801385365426531 82.459661342203617 55.694879278540611 141.8762412071228 11.416994482278822 3.8546720370650283
leaf_count=4528 1781 87 1565 1215 1638 159 63
internal_value=0 0.0221558 -0.0184953 -0.0293875 0.0412039 0.00931266 -0.00257553
internal_weight=0 261.736 333.545 239.668 147.856 93.8767 113.88
internal_count=11036 3569 7467 5743 1725 1724 1844
is_linear=0
shrinkage=0.0710806


Tree=13
num_leaves=8
num_cat=0
split_feature=3 0 11 5 2 5 1
split_gain=43.638 30.1486 23.0205 20.7805 18.9056 18.4886 10.3269
threshold=1.0000000180025095e-35 16.500000000000004 1.0000000180025095e-35 1.5000000000000002 2002.5000000000002 4.5000000000000009 71.850000000000009
decision_type=2 2 2 2 8 2 2
left_child=1 3 5 -1 -4 -2 -3
right_child=2 6 4 -5 -6 -7 -8
leaf_value=-0.0375220546958034 -0.010872397994977591 0.0082038160155966863 -0.07571785666726466 0.0021909506712563622 0.053100778784493124 0.090999173096953975 0.066149432525322127
leaf_weight=208.9724837243557 87.629527021199465 51.00996695458889 6.0728232935070983 97.694509487599134 110.40057819336653 10.031603865325449 22.34681336209178
leaf_count=5059 1497 602 123 1920 1473 121 241
internal_value=0 -0.0150789 0.0250434 -0.0248707 0.0463843 -0.000408304 0.0258559
internal_weight=0 380.024 214.135 306.667 116.473 97.6611 73.3568
internal_count=11036 7822 3214 6979 1596 1618 843
is_linear=0
shrinkage=0.0710806


Tree=14
num_leaves=8
num_cat=0
split_feature=4 1 17 16 2 5 7
split_gain=38.3292 27.4646 25.5518 24.445 13.3103 7.33381 7.29096
threshold=1.0000000180025095e-35 74.450000000000017 1.0000000180025095e-35 1.0000000180025095e-35 2015.5000000000002 4.5000000000000009 159.25000000000003
decision_type=10 2 2 2 10 2 10
left_child=1 2 -1 -3 6 -6 -2
right_child=4 3 -4 -5 5 -7 -8
leaf_value=-0.033533718442115897 0.033911634218206956 0.0075961164566284494 0.03845390450577129 0.26659206055709384 -0.0079947197449178158 0.076373944461070126 0.077648349220314841
leaf_weight=234.48984476551414 73.779113002121449 175.7739508934319 27.87312214076519 1.8607116937637318 47.290769014507532 5.8494692966341963 26.058986239135265
leaf_count=5346 809 3471 429 30 694 54 203
internal_value=0 -0.0112733 -0.0258858 0.0103091 0.0300309 0.00129225 0.0453275
internal_weight=0 439.998 262.363 177.635 152.978 53.1402 99.8381
internal_count=11036 9276 5775 3501 1760 748 1012
is_linear=0
shrinkage=0.0710806


Tree=15
num_leaves=8
num_cat=0
split_feature=3 0 0 5 1 5 6
split_gain=36.3883 24.9588 20.6368 18.575 18.0846 14.4369 9.3255
threshold=1.0000000180025095e-35 16.500000000000004 3.5000000000000004 1.5000000000000002 48.45000000000001 4.5000000000000009 149.25000000000003
decision_type=2 2 2 2 2 2 10
left_child=1 3 5 -1 -4 -2 -3
right_child=2 6 4 -5 -6 -7 -8
leaf_value=-0.035750282115248326 -0.010399034643650783 0.016929341439966921 -0.015867418248567133 0.0020478793540923083 0.052666950038121885 0.13327879389202529 0.13601201901080759
leaf_weight=200.11611825972795 83.702190961688757 71.949354320764542 23.756072852760553 97.787587206810713 107.40372183546424 3.6891745813190928 3.4834557995200148
leaf_count=5059 1618 820 290 1920 1256 50 23
internal_value=0 -0.0140948 0.0224247 -0.0233429 0.0402538 -0.00433376 0.0224285
internal_weight=0 373.337 218.551 297.904 131.16 87.3914 75.4328
internal_count=11036 7822 3214 6979 1546 1668 843
is_linear=0
shrinkage=0.0710806


Tree=16
num_leaves=8
num_cat=0
split_feature=0 2 16 1 4 5 1
split_gain=31.6788 18.5085 29.6738 17.7211 18.4308 17.4158 16.4902
threshold=6.5000000000000009 2015.5000000000002 1.0000000180025095e-35 75.950000000000017 1.0000000180025095e-35 2.5000000000000004 90.050000000000011
decision_type=2 10 2 2 10 2 2
left_child=3 2 -2 4 -1 -5 -3
right_child=1 6 -4 5 -6 -7 -8
leaf_value=-0.040046496684031957 0.023646804840377549 -0.022794523897950381 0.21195610624602454 -0.0036296010925323668 0.0097522546843351321 0.08120283183724912 0.17181209330944025
leaf_weight=157.28845040872693 203.0183570496738 62.537521310150623 4.3178885020315638 97.841309368610382 49.325572073459625 13.973273672163485 2.28016623109579
leaf_count=4390 2522 971 42 2192 658 227 34
internal_value=0 0.0172042 0.0275684 -0.0158223 -0.0281579 0.00697176 -0.0159486
internal_weight=0 272.154 207.336 318.429 206.614 111.815 64.8177
internal_count=11036 3569 2564 7467 5048 2419 1005
is_linear=0
shrinkage=0.0710806


Tree=17
num_leaves=8
num_cat=0
split_feature=3 8 1 11 2 3 0
split_gain=30.6619 21.8644 19.8183 18.2036 16.1714 15.2236 8.88579
threshold=1.0000000180025095e-35 0.75000000000000011 81.250000000000014 1.0000000180025095e-35 2009.5000000000002 6.5000000000000009 34.500000000000007
decision_type=2 10 2 2 8 2 2
left_child=1 2 -1 4 -2 -5 -3
right_child=3 6 -4 5 -6 -7 -8
leaf_value=-0.029897878512598505 -0.050925327381956098 0.011962215066667259 0.015956780954863213 0.033127070431913486 0.01455472324765774 0.15379568174444147 0.079679932232989498
leaf_weight=246.18233629874885 25.684859462082386 49.863542320206761 59.042372353374958 117.14132254198194 73.836105898022652 5.5318364202976218 12.182077471166847
leaf_count=5672 521 799 1238 1564 1097 32 113
internal_value=0 -0.0132084 -0.0210278 0.0202434 -0.00234469 0.0385685 0.025258
internal_weight=0 367.27 305.225 222.194 99.521 122.673 62.0456
internal_count=11036 7822 6910 3214 1618 1596 912
is_linear=0
shrinkage=0.0710806


Tree=18
num_leaves=7
num_cat=0
split_feature=4 1 17 0 1 2
split_gain=26.673 21.1726 20.7603 18.0464 10.2287 8.80832
threshold=1.0000000180025095e-35 74.450000000000017 1.0000000180025095e-35 17.500000000000004 88.250000000000014 2015.5000000000002
decision_type=10 2 2 2 2 10
left_child=1 2 -1 -3 5 -2
right_child=4 3 -4 -5 -6 -7
leaf_value=-0.030715801259174964 0.033687601837129773 0.00019969966024163449 0.033411947341921003 0.068047886849014583 0.1537959281072287 -0.0020316251255056159
leaf_weight=219.68411174602807 104.10641590133309 157.38143468648195 28.856476608663797 22.658573031425476 3.0197394005954257 52.457064710557461
leaf_count=5346 992 3284 429 217 34 734
internal_value=0 -0.00982388 -0.0232703 0.0087386 0.024219 0.0217198
internal_weight=0 428.581 248.541 180.04 159.583 156.563
internal_count=11036 9276 5775 3501 1760 1726
is_linear=0
shrinkage=0.0710806


Tree=19
num_leaves=8
num_cat=0
split_feature=3 8 1 11 2 2 5
split_gain=25.8103 18.1499 16.7278 14.7914 14.2261 14.0508 7.35779
threshold=1.0000000180025095e-35 0.75000000000000011 81.250000000000014 1.0000000180025095e-35 2009.5000000000002 2002.5000000000002 5.5000000000000009
decision_type=2 10 2 2 8 8 2
left_child=1 2 -1 4 -2 -5 -3
right_child=3 6 -4 5 -6 -7 -8
leaf_value=-0.028182369548314018 -0.049400575290885554 0.017205345667728515 0.013710979935431361 -0.075510319400237072 0.013139003570361678 0.039585328210651756 0.14089602570493667
leaf_weight=237.65230376645923 24.361951392143965 61.107012014836073 60.393781833350658 5.6084622442722312 74.806122437119484 120.49433244392276 2.5304481126368037
leaf_count=5672 521 889 1238 123 1097 1473 23
internal_value=0 -0.0123358 -0.0196934 0.0183144 -0.00222467 0.0344664 0.0221237
internal_weight=0 361.684 298.046 225.271 99.1681 126.103 63.6375
internal_count=11036 7822 6910 3214 1618 1596 912
is_linear=0
shrinkage=0.0710806


Tree=20
num_leaves=8
num_cat=0
split_feature=0 11 7 2 1 5 4
split_gain=23.2996 20.6508 17.9322 14.2086 11.0618 9.93206 6.89186
threshold=4.5000000000000009 1.0000000180025095e-35 9.7500000000000018 2015.5000000000002 61.850000000000001 1.5000000000000002 3.5000000000000004
decision_type=2 2 10 10 2 2 10
left_child=2 5 4 -3 -1 -2 -4
right_child=1 3 6 -5 -6 -7 -8
leaf_value=-0.056845013631994436 -0.031852448372841617 0.036050863455501618 0.0027328409597859129 -0.018474006651262042 -0.017735577741309402 0.0068827829657624254 0.058932253618886814
leaf_weight=50.234191531315446 55.521937085315585 157.04143109358847 63.001325808465481 28.534611819311976 134.03331591002643 84.110821625217795 13.363443464040754
leaf_count=1523 1215 1887 1228 427 3406 1193 157
internal_value=0 0.0121299 -0.0163948 0.027667 -0.0283974 -0.00851944 0.0125675
internal_weight=0 325.209 260.632 185.576 184.268 139.633 76.3648
internal_count=11036 4722 6314 2314 4929 2408 1385
is_linear=0
shrinkage=0.0710806


Tree=21
num_leaves=8
num_cat=0
split_feature=3 0 1 1 7 17 2
split_gain=21.9267 16.2276 15.1061 12.6447 11.9367 10.6102 6.62127
threshold=1.0000000180025095e-35 14.500000000000002 88.65000000000002 39.95000000000001 811.50000000000011 1.0000000180025095e-35 2015.5000000000002
decision_type=2 2 2 2 10 2 10
left_child=1 2 -1 5 -5 -2 -3
right_child=3 6 -4 4 -6 -7 -8
leaf_value=-0.024529227788465318 -0.053258561348155091 0.024634002551485627 0.049220529320072932 0.020141209666640517 0.16101535463128477 0.086099332784892624 -0.021587862791872494
leaf_weight=251.07204384729266 19.548174455761913 70.689858701080084 14.863098058849571 201.93046062998474 3.0853935554623595 3.2141912356019011 20.113849196583033
leaf_count=6501 341 726 318 2820 23 30 277
internal_value=0 -0.0115487 -0.0204074 0.0166809 0.0222613 -0.0335803 0.0143954
internal_weight=0 356.739 265.935 227.778 205.016 22.7624 90.8037
internal_count=11036 7822 6819 3214 2843 371 1003
is_linear=0
shrinkage=0.0710806


Tree=22
num_leaves=6
num_cat=0
split_feature=4 3 1 1 5
split_gain=19.1991 18.684 16.0702 8.81566 7.26226
threshold=1.0000000180025095e-35 6.5000000000000009 74.450000000000017 88.65000000000002 5.5000000000000009
decision_type=10 2 2 2 2
left_child=1 2 -1 4 -2
right_child=3 -3 -4 -5 -6
leaf_value=-0.022656174555005352 0.014554393952771673 0.11682134806811265 0.0056396948053385031 0.13655006527803729 0.089486417442369917
leaf_weight=234.24900417029858 154.36290950700641 5.9153796881437293 178.82410951331258 3.2176326476037493 6.8237781375646582
leaf_count=5745 1677 48 3483 31 52
internal_value=0 -0.00861033 -0.0104066 0.0200522 0.0177266
internal_weight=0 418.988 413.073 164.404 161.187
internal_count=11036 9276 9228 1760 1729
is_linear=0
shrinkage=0.0710806


Tree=23
num_leaves=8
num_cat=0
split_feature=0 11 7 2 1 0 4
split_gain=18.6049 17.1158 15.344 12.5295 10.1318 8.36643 5.3031
threshold=4.5000000000000009 1.0000000180025095e-35 9.7500000000000018 2002.5000000000002 61.850000000000001 52.500000000000007 3.5000000000000004
decision_type=2 2 10 10 2 2 10
left_child=2 5 4 -3 -1 -2 -4
right_child=1 3 6 -5 -6 -7 -8
leaf_value=-0.055123104922619487 -0.013152267493275664 -0.076621988790155388 0.0027010611122528618 0.027861300247707312 -0.016381635257038195 0.054472705227071101 0.05092026195040246
leaf_weight=46.116091353818774 128.7998912371695 5.988091053441166 62.926075546070933 183.47215898707509 130.9664613083005 9.9579489529132825 14.107160430401562
leaf_count=1523 2296 109 1228 2205 3406 112 157
internal_value=0 0.0106678 -0.0149507 0.024559 -0.0264707 -0.00829916 0.0115315
internal_weight=0 328.218 254.116 189.46 177.083 138.758 77.0332
internal_count=11036 4722 6314 2314 4929 2408 1385
is_linear=0
shrinkage=0.0710806


Tree=24
num_leaves=8
num_cat=0
split_feature=3 5 1 1 0 0 17
split_gain=18.2422 14.2204 12.6063 10.6039 9.89699 9.13818 8.83247
threshold=1.0000000180025095e-35 1.0000000180025095e-35 88.450000000000017 39.95000000000001 3.5000000000000004 21.500000000000004 1.0000000180025095e-35
decision_type=2 2 2 2 2 2 2
left_child=1 5 -3 6 -5 -1 -2
right_child=3 2 -4 4 -6 -7 -8
leaf_value=-0.038675098015759891 -0.051581174666975885 -0.0049646820425178241 0.071356905268536788 0.00030032496223055259 0.032190630629283547 0.042666007076284804 0.072768774524967952
leaf_weight=96.24520555138588 18.401263011619452 235.82732318900526 11.466082032769917 79.594655308872461 128.62518450431526 7.5236701369285575 3.4227940365672103
leaf_count=2868 341 4679 189 1497 1346 86 30
internal_value=0 -0.010693 -0.00142593 0.0150595 0.0200002 -0.0327775 -0.0320786
internal_weight=0 351.062 247.293 230.044 208.22 103.769 21.8241
internal_count=11036 7822 4868 3214 2843 2954 371
is_linear=0
shrinkage=0.0710806


Tree=25
num_leaves=8
num_cat=0
split_feature=3 8 1 11 2 15 13
split_gain=15.7169 13.3424 13.1153 9.99049 11.2492 11.052 5.82647
threshold=1.0000000180025095e-35 0.75000000000000011 81.250000000000014 1.0000000180025095e-35 2009.5000000000002 1.0000000180025095e-35 1.0000000180025095e-35
decision_type=2 10 2 2 8 2 2
left_child=1 2 -1 4 -2 -5 -3
right_child=3 6 -4 5 -6 -7 -8
leaf_value=-0.024772545106915112 -0.047267647999309576 0.0074312695325144994 0.01244390208885433 0.00076670400321773901 0.0097536168944916991 0.042908566534990339 0.058183419114437369
leaf_weight=221.52508966624737 22.59956680983305 50.332548478618264 61.020766891539097 51.264459317550063 77.169866511598229 81.31778728403151 14.786167161539195
leaf_count=5672 521 726 1238 608 1097 988 186
internal_value=0 -0.0100501 -0.016735 0.0138281 -0.00316272 0.0266139 0.0189553
internal_weight=0 347.665 282.546 232.352 99.7694 132.582 65.1187
internal_count=11036 7822 6910 3214 1618 1596 912
is_linear=0
shrinkage=0.0710806


Tree=26
num_leaves=8
num_cat=0
split_feature=0 2 16 7 1 5 2
split_gain=14.4096 15.0448 18.3212 13.0683 9.42014 9.03903 5.11056
threshold=4.5000000000000009 2015.5000000000002 1.0000000180025095e-35 9.7500000000000018 61.850000000000001 2.5000000000000004 2015.5000000000002
decision_type=2 8 2 10 2 2 10
left_child=3 2 -2 4 -1 -3 -5
right_child=1 5 -4 6 -6 -7 -8
leaf_value=-0.053417254456134475 0.014643013520670505 -0.03428149198793827 0.14263803367930653 0.025186009914094653 -0.014801903074037588 0.01885825993799374 -0.012308289148194261
leaf_weight=42.570931417867541 248.66083614900708 53.833436226472259 5.7816495280712834 47.6762207262218 127.55415063165128 23.117921806871891 29.877093119546771
leaf_count=1523 3370 1014 48 836 3406 290 549
internal_value=0 0.00922256 0.0175514 -0.0134409 -0.0244647 -0.0183171 0.0107415
internal_weight=0 331.394 254.442 247.678 170.125 76.9514 77.5533
internal_count=11036 4722 3418 6314 4929 1304 1385
is_linear=0
shrinkage=0.0710806


Tree=27
num_leaves=8
num_cat=0
split_feature=3 5 2 1 3 0 17
split_gain=13.3864 12.1712 10.5376 8.76051 8.74596 7.99658 7.35803
threshold=1.0000000180025095e-35 1.0000000180025095e-35 2013.5000000000002 39.95000000000001 6.5000000000000009 21.500000000000004 1.0000000180025095e-35
decision_type=2 2 10 2 2 2 2
left_child=1 5 -3 6 -5 -1 -2
right_child=3 2 -4 4 -6 -7 -8
leaf_value=-0.036403564996543437 -0.050078048129265147 -0.013497635548116135 0.016337560927738182 0.014157477634466733 0.090648045891951898 0.038870715054194489 0.061484914932702313
leaf_weight=90.777640290558338 17.502382081002001 141.77945692650974 103.4568632170558 205.27832031063735 7.8410369716584674 7.7382036447525016 3.6015536934137335
leaf_count=2868 341 2875 1993 2792 51 86 30
internal_value=0 -0.00938844 -0.000911181 0.0126459 0.0169717 -0.0304909 -0.0310389
internal_weight=0 343.752 245.236 234.223 213.119 98.5158 21.1039
internal_count=11036 7822 4868 3214 2843 2954 371
is_linear=0
shrinkage=0.0710806


Tree=28
num_leaves=8
num_cat=0
split_feature=2 2 1 11 5 8 14
split_gain=13.366 42.0183 39.9636 37.2735 16.7042 8.22171 6.12574
threshold=2015.5000000000002 2013.5000000000002 85.750000000000014 1.0000000180025095e-35 2.5000000000000004 52.250000000000007 1.0000000180025095e-35
decision_type=10 8 2 2 2 8 2
left_child=1 3 -3 -1 6 -6 -2
right_child=4 2 -4 -5 5 -7 -8
leaf_value=-0.036686245104745961 -0.039280363436484403 0.038391585892366124 0.21884872727149865 0.011625845471788228 0.011108626675893976 0.14425706552610115 0.043466462523854152
leaf_weight=119.08124708384275 94.045395506545901 63.052599726244807 6.8765955865383139 250.23000565357506 36.417819820344448 2.5042263120412818 4.7484329100698224
leaf_count=2818 2160 962 92 4394 500 23 87
internal_value=0 0.0056145 0.0561371 -0.00395197 -0.0197649 0.0196753 -0.0353032
internal_weight=0 439.24 69.9292 369.311 137.716 38.922 98.7938
internal_count=11036 8266 1054 7212 2770 523 2247
is_linear=0
shrinkage=0.0710806


Tree=29
num_leaves=7
num_cat=0
split_feature=2 2 2 5 12 0
split_gain=12.8701 14.1496 30.9411 14.9572 3.05439 0.0085704
threshold=2002.5000000000002 2015.5000000000002 2013.5000000000002 1.5000000000000002 1.0000000180025095e-35 14.500000000000002
decision_type=8 10 8 2 2 2
left_child=4 2 -2 -3 5 -1
right_child=1 3 -4 -5 -6 -7
leaf_value=-0.073669548260281076 -0.0010683398291607762 -0.042437123920250362 0.049758638704047051 0.004833540222381299 0.04288630657137911 -0.077817607644214401
leaf_weight=10.587931975722308 352.70975667051971 67.454517282545567 73.045255530625582 67.825025020167232 1.2146539315581328 3.3012519739568242
leaf_count=347 6783 1713 1054 1057 36 46
internal_value=0 0.00128883 0.00765186 -0.0187371 -0.0652027 -0.0746555
internal_weight=0 561.035 425.755 135.28 15.1038 13.8892
internal_count=11036 10607 7837 2770 429 393
is_linear=0
shrinkage=0.0710806


Tree=30
num_leaves=7
num_cat=0
split_feature=2 11 2 3 12 0
split_gain=11.8268 13.4642 21.7089 17.9484 2.89137 0.00685222
threshold=2002.5000000000002 1.0000000180025095e-35 2013.5000000000002 1.5000000000000002 1.0000000180025095e-35 14.500000000000002
decision_type=8 2 8 2 2 2
left_child=4 2 -2 -3 5 -1
right_child=1 3 -4 -5 -6 -7
leaf_value=-0.073487396262179386 -0.034721325819518208 0.0028026122388975176 0.0077191514476488039 0.046400172551819337 0.038244831792965325 -0.077320491288983578
leaf_weight=9.8850231263786501 110.19632888585329 256.36433278955519 136.10908729024231 58.618226252496243 1.2633222118020064 3.0937966071069249
leaf_count=347 2657 4757 2629 564 36 46
internal_value=0 0.00118098 -0.0112686 0.0109161 -0.0644091 -0.0744011
internal_weight=0 561.288 246.305 314.983 14.2421 12.9788
internal_count=11036 10607 5286 5321 429 393
is_linear=0
shrinkage=0.0710806


Tree=31
num_leaves=8
num_cat=0
split_feature=8 11 2 3 1 7 2
split_gain=11.3612 11.0239 17.6625 14.9468 7.95312 8.24524 4.89044
threshold=0.75000000000000011 1.0000000180025095e-35 2011.5000000000002 5.5000000000000009 43.650000000000013 811.50000000000011 2008.5000000000002
decision_type=10 2 8 2 2 8 10
left_child=1 2 -1 -3 6 -6 -2
right_child=4 3 -4 -5 5 -7 -8
leaf_value=-0.048054013051690471 0.042381961909862216 0.0014934910664263518 -0.0026574628299021446 0.13028337347539484 0.021136034123867546 0.117288566797704 -0.050948815546892741
leaf_weight=67.113701213151217 3.7171725220978251 255.36416184529662 122.04733116924763 4.6355221271514884 104.969885956496 4.7080186195671549 11.974401170387862
leaf_count=1998 37 4941 2584 29 1271 32 144
internal_value=0 -0.00570865 -0.018764 0.00378968 0.0184918 0.0252635 -0.0288397
internal_weight=0 449.161 189.161 260 125.369 109.678 15.6916
internal_count=11036 9552 4582 4970 1484 1303 181
is_linear=0
shrinkage=0.0710806


Tree=32
num_leaves=8
num_cat=0
split_feature=2 2 11 1 5 1 1
split_gain=11.2469 26.435 27.2251 25.5889 13.5805 7.25893 5.90131
threshold=2015.5000000000002 2013.5000000000002 1.0000000180025095e-35 85.750000000000014 2.5000000000000004 60.350000000000001 93.950000000000017
decision_type=10 8 2 2 2 2 2
left_child=1 2 -1 -3 6 -6 -2
right_child=4 3 -4 -5 5 -7 -8
leaf_value=-0.032650391896622305 -0.035494963257504515 0.02855515554706135 0.0098397194096959111 0.15956616972686036 -0.039898371681890518 0.03248968825432081 0.10267597537442945
leaf_weight=108.88631735928357 92.609467348083854 68.040233060717583 253.72603118792176 8.4701869487762433 9.030358634889124 31.115420997142792 1.5885607190430153
leaf_count=2818 2217 962 4394 92 116 407 30
internal_value=0 0.00509167 -0.00291934 0.0430589 -0.0184112 0.0162068 -0.0331648
internal_weight=0 439.123 362.612 76.5104 134.344 40.1458 94.198
internal_count=11036 8266 7212 1054 2770 523 2247
is_linear=0
shrinkage=0.0710806


Tree=33
num_leaves=7
num_cat=0
split_feature=2 2 2 5 12 0
split_gain=10.6247 11.7229 19.4661 12.6081 2.99062 0.00552404
threshold=2002.5000000000002 2015.5000000000002 2013.5000000000002 1.5000000000000002 1.0000000180025095e-35 14.500000000000002
decision_type=8 10 8 2 2 2
left_child=4 2 -2 -3 5 -1
right_child=1 3 -4 -5 -6 -7
leaf_value=-0.073329228717557232 -0.0004301575438954581 -0.040228773197613595 0.038654424441555778 0.003714845679415379 0.042839186915497776 -0.07690562200476872
leaf_weight=9.127979829907412 348.23140846379101 63.58176046051085 78.986054403707385 68.559279508888721 1.2151296902447946 2.8675709590315828
leaf_count=347 6783 1713 1054 1057 36 46
internal_value=0 0.00107308 0.00679599 -0.0174293 -0.0634203 -0.0741842
internal_weight=0 559.359 427.217 132.141 13.2107 11.9956
internal_count=11036 10607 7837 2770 429 393
is_linear=0
shrinkage=0.0710806


Tree=34
num_leaves=8
num_cat=0
split_feature=0 7 2 16 1 1 6
split_gain=10.4184 10.1994 9.53966 12.0144 8.23341 7.06261 4.22361
threshold=4.5000000000000009 9.7500000000000018 2015.5000000000002 1.0000000180025095e-35 61.850000000000001 90.050000000000011 13.250000000000002
decision_type=2 10 8 2 2 2 8
left_child=1 4 3 -2 -1 -4 -3
right_child=2 6 5 -5 -6 -7 -8
leaf_value=-0.050843570067642077 0.011672062356467082 0.0044083746415169919 -0.019957185176431771 0.10922530202804824 -0.012998989115425179 0.084027905994495472 0.064349463821056246
leaf_weight=37.965723448432982 252.77322431467474 71.855428777635098 69.23713006824255 6.5436455793678752 123.61621435731649 3.4652534052729598 6.4744807761162511
leaf_count=1523 3370 1273 1259 48 3406 45 112
internal_value=0 -0.0116868 0.00775412 0.0141337 -0.0218911 -0.0150009 0.0093629
internal_weight=0 239.912 332.019 259.317 161.582 72.7024 78.3299
internal_count=11036 6314 4722 3418 4929 1304 1385
is_linear=0
shrinkage=0.0710806


Tree=35
num_leaves=8
num_cat=0
split_feature=3 4 1 15 2 2 1
split_gain=10.1311 9.84435 8.56829 6.71609 25.6384 17.765 4.39652
threshold=1.0000000180025095e-35 3.5000000000000004 73.15000000000002 1.0000000180025095e-35 2007.5000000000002 2007.5000000000002 60.650000000000013
decision_type=2 10 2 2 8 10 2
left_child=1 2 -1 4 -2 -5 -3
right_child=3 6 -4 5 -6 -7 -8
leaf_value=-0.025729793403737836 -0.066620491936587492 -0.0024930617710862677 -0.0006503408357886127 0.052474167278450508 0.015561749212267101 -0.0035791119682940433 0.036140310929654383
leaf_weight=146.64214471075684 23.940984508022666 28.236926101148129 129.70464630238712 54.821392714045942 96.435861410573125 59.650253292173147 31.469522271305323
leaf_count=4259 529 296 2940 754 1105 826 327
internal_value=0 -0.00830375 -0.0139586 0.0109388 -0.000782954 0.0232653 0.0178695
internal_weight=0 336.053 276.347 234.848 120.377 114.472 59.7064
internal_count=11036 7822 7199 3214 1634 1580 623
is_linear=0
shrinkage=0.0710806


Tree=36
num_leaves=7
num_cat=0
split_feature=2 2 2 5 12 0
split_gain=9.30761 9.33632 15.5577 11.2202 2.86607 0.00445867
threshold=2002.5000000000002 2015.5000000000002 2013.5000000000002 1.5000000000000002 1.0000000180025095e-35 14.500000000000002
decision_type=8 10 8 2 2 2
left_child=4 2 -2 -3 5 -1
right_child=1 3 -4 -5 -6 -7
leaf_value=-0.073095344750121902 -0.00056827445657812851 -0.038187378689163456 0.033919364721927532 0.0038722904674331851 0.040028414030537023 -0.07644526888588131
leaf_weight=8.1505701858550257 347.57796115614474 60.309956362470984 81.603402383625507 68.379221726208925 1.2434801980853087 2.663385622203351
leaf_count=347 6783 1713 1054 1057 36 46
internal_value=0 0.000953843 0.00598911 -0.0158389 -0.0621689 -0.0739204
internal_weight=0 557.871 429.181 128.689 12.0574 10.814
internal_count=11036 10607 7837 2770 429 393
is_linear=0
shrinkage=0.0710806


Tree=37
num_leaves=8
num_cat=0
split_feature=7 1 5 15 7 4 0
split_gain=8.825 8.3194 9.98363 7.40005 6.0625 7.20424 6.16173
threshold=163.25000000000003 74.750000000000014 1.5000000000000002 1.0000000180025095e-35 234.25000000000003 18.250000000000004 34.500000000000007
decision_type=10 2 2 2 10 10 2
left_child=1 3 -3 -1 5 -2 -6
right_child=4 2 -4 -5 6 -7 -8
leaf_value=-0.021454133816661447 0.076673012382351205 -0.0046600906292661058 0.028108776037759173 0.000689228017398089 -0.029878701023636132 -0.013669682026850538 0.028119464591382887
leaf_weight=159.83599944598973 17.304647717624906 123.84425957873464 75.681768694892526 145.81392794568092 14.188427422195671 6.008054018020629 26.617190886288881
leaf_count=3437 156 2617 1005 3453 116 47 205
internal_value=0 -0.00352045 0.00776939 -0.0108904 0.0244735 0.0533903 0.00795306
internal_weight=0 505.176 199.526 305.65 64.1183 23.3127 40.8056
internal_count=11036 10512 3622 6890 524 203 321
is_linear=0
shrinkage=0.0710806


Tree=38
num_leaves=8
num_cat=0
split_feature=3 4 1 1 17 15 0
split_gain=8.68882 8.19246 7.50849 5.87157 6.08318 5.69884 4.17778
threshold=1.0000000180025095e-35 3.5000000000000004 66.250000000000014 38.850000000000001 1.0000000180025095e-35 1.0000000180025095e-35 3.5000000000000004
decision_type=2 10 2 2 2 2 2
left_child=1 2 -1 4 -2 -5 -3
right_child=3 6 -4 5 -6 -7 -8
leaf_value=-0.029039303487884353 -0.049231021655031029 0.068585592843794146 -0.0043152957426727204 0.0020362964786282381 0.053193644012012681 0.025037391085844438 0.0092698318892104961
leaf_weight=95.781492059119046 14.58196726255119 6.7512695118784896 176.27942470367998 110.91630196385086 3.6663140915334216 106.85581423528492 53.869964879006147
leaf_count=2906 322 83 4293 1456 30 1406 540
internal_value=0 -0.00775431 -0.0130196 0.010077 -0.0286526 0.0133224 0.0158757
internal_weight=0 332.682 272.061 236.02 18.2483 217.772 60.6212
internal_count=11036 7822 7199 3214 352 2862 623
is_linear=0
shrinkage=0.0710806


Tree=39
num_leaves=7
num_cat=0
split_feature=2 2 2 5 12 0
split_gain=8.21456 8.28978 13.0733 9.97157 2.7915 0.00336817
threshold=2002.5000000000002 2015.5000000000002 2013.5000000000002 2.5000000000000004 1.0000000180025095e-35 14.500000000000002
decision_type=8 10 8 2 2 2
left_child=4 2 -2 -3 5 -1
right_child=1 3 -4 -5 -6 -7
leaf_value=-0.072914305467689164 -0.00050193752229919233 -0.028857610548811662 0.030848335186684107 0.013733930362359934 0.038906698563663092 -0.075965219121825148
leaf_weight=7.4042254453524912 346.49992304760963 85.934951991774142 83.376769470050931 41.034353449940681 1.2549641411751515 2.4276978857815266
leaf_count=347 6783 2247 1054 523 36 46
internal_value=0 0.000865228 0.00557861 -0.0150927 -0.0609249 -0.0736676
internal_weight=0 556.846 429.877 126.969 11.0869 9.83192
internal_count=11036 10607 7837 2770 429 393
is_linear=0
shrinkage=0.0710806


Tree=40
num_leaves=8
num_cat=0
split_feature=0 6 15 7 7 2 1
split_gain=7.95302 9.30563 13.0937 9.62402 8.43976 7.55571 3.81279
threshold=4.5000000000000009 0.62500000000000011 1.0000000180025095e-35 159.25000000000003 11.125000000000002 2019.5000000000002 84.950000000000017
decision_type=2 10 2 10 10 8 2
left_child=4 2 -2 -3 5 -1 -6
right_child=1 3 -4 -5 6 -7 -8
leaf_value=-0.023053613795958949 -0.0044560140718379717 -0.012964967783219504 0.03955304863832463 0.022823878130323921 0.0058802397354265528 0.036913482545957062 0.06858676191942141
leaf_weight=155.29413439612836 59.698979680426419 141.47511175088584 79.834637835621834 51.886358417570591 62.399058785289526 11.394699178636072 5.3165496233850709
leaf_count=4877 983 2100 1230 409 1067 286 84
internal_value=0 0.00673399 0.0207239 -0.00336144 -0.0103578 -0.0189543 0.0108035
internal_weight=0 332.895 139.534 193.361 234.404 166.689 67.7156
internal_count=11036 4722 2213 2509 6314 5163 1151
is_linear=0
shrinkage=0.0710806


Tree=41
num_leaves=7
num_cat=0
split_feature=2 11 2 3 12 0
split_gain=7.49633 8.19819 14.8868 11.7184 2.62348 0.0028683
threshold=2002.5000000000002 1.0000000180025095e-35 2013.5000000000002 1.5000000000000002 1.0000000180025095e-35 14.500000000000002
decision_type=8 2 8 2 2 2
left_child=4 2 -2 -3 5 -1
right_child=1 3 -4 -5 -6 -7
leaf_value=-0.072776260602036652 -0.030156907012797378 0.0015727870202594408 0.0059546804285470585 0.036077180721532098 0.034151723038682205 -0.075681480276604179
leaf_weight=6.8323409464210236 99.507392385043204 257.77931112796068 137.20891864039004 61.617420209571719 1.3074906244874007 2.2933085504919291
leaf_count=347 2657 4757 2629 564 36 46
internal_value=0 0.000799504 -0.00922539 0.00822931 -0.0600145 -0.0735064
internal_weight=0 556.113 236.716 319.397 10.4331 9.12565
internal_count=11036 10607 5286 5321 429 393
is_linear=0
shrinkage=0.0710806


Tree=42
num_leaves=7
num_cat=0
split_feature=8 6 3 1 13 2
split_gain=7.33144 8.3675 8.01241 6.23537 5.99461 4.45785
threshold=0.75000000000000011 96.000000000000014 1.0000000180025095e-35 43.650000000000013 1.0000000180025095e-35 2011.5000000000002
decision_type=10 10 2 2 2 10
left_child=1 2 -1 5 -5 -2
right_child=3 -3 -4 4 -6 -7
leaf_value=-0.013441712315777163 0.016324208496734223 0.11344070792227699 0.0062242002696965906 0.011092510396550704 0.049248166163677165 -0.061818507116042462
leaf_weight=259.18903204146773 6.459677690640091 3.0090884044766417 175.58258843794465 85.256433235481381 27.518980875611305 8.5980050787329656
leaf_count=6897 70 21 2634 1023 280 111
internal_value=0 -0.00468209 -0.00549963 0.0146668 0.0204031 -0.0282956
internal_weight=0 437.781 434.772 127.833 112.775 15.0577
internal_count=11036 9552 9531 1484 1303 181
is_linear=0
shrinkage=0.0710806


Tree=43
num_leaves=7
num_cat=0
split_feature=2 2 2 5 1 0
split_gain=6.82971 7.79826 10.6455 8.86947 2.60181 0.00233421
threshold=2002.5000000000002 2015.5000000000002 2013.5000000000002 1.5000000000000002 17.450000000000003 14.500000000000002
decision_type=8 10 8 2 2 2
left_child=4 2 -2 -3 -1 -6
right_child=1 3 -4 -5 5 -7
leaf_value=0.033718226704576006 -0.00026011994542393603 -0.035673238065524422 0.027817244659551432 0.0022270958031041423 -0.072802118802132235 -0.07555350129087636
leaf_weight=1.3221417767927039 343.79583564959466 56.635211117565632 85.119222933426499 69.456806015223265 6.4484493276104313 2.0541754644364119
leaf_count=49 6783 1713 1054 1057 338 42
internal_value=0 0.000743558 0.0053119 -0.0147961 -0.0590427 -0.0734668
internal_weight=0 555.007 428.915 126.092 9.82477 8.50262
internal_count=11036 10607 7837 2770 429 380
is_linear=0
shrinkage=0.0710806


Tree=44
num_leaves=7
num_cat=0
split_feature=4 6 17 6 5 6
split_gain=6.51645 10.4837 10.0292 6.8354 6.91715 4.86097
threshold=1.0000000180025095e-35 96.000000000000014 1.0000000180025095e-35 21.250000000000004 2.5000000000000004 26.250000000000004
decision_type=10 10 2 10 2 10
left_child=1 2 -1 4 -2 -5
right_child=3 -3 -4 5 -6 -7
leaf_value=-0.010115997467194042 0.03514968157938321 0.14200095211123281 0.027770892780183565 -0.051109537499113525 -0.00076602650874015694 0.0013002657752159148
leaf_weight=349.36861521750689 70.337035203352571 2.4238152951002112 39.26902786642313 11.000112999230621 44.06768586486578 47.772340808063745
leaf_count=8713 878 17 546 98 402 382
internal_value=0 -0.0053687 -0.0062878 0.0111936 0.0213153 -0.00850899
internal_weight=0 391.061 388.638 173.177 114.405 58.7725
internal_count=11036 9276 9259 1760 1280 480
is_linear=0
shrinkage=0.0710806


Tree=45
num_leaves=8
num_cat=0
split_feature=0 6 1 0 7 1 6
split_gain=6.36903 8.56607 11.0186 7.77838 6.52283 7.12544 3.28343
threshold=4.5000000000000009 0.62500000000000011 47.650000000000013 13.500000000000002 9.7500000000000018 61.850000000000001 13.250000000000002
decision_type=2 10 2 2 10 2 8
left_child=4 2 -2 -3 5 -1 -6
right_child=1 3 -4 -5 6 -7 -8
leaf_value=-0.047279441731420797 -0.027896278753666438 -0.020108473649075375 0.027730779671605858 0.0087155870248704862 0.0026142016673655903 -0.0098858200588300155 0.05379762243831987
leaf_weight=32.96517151221633 21.183116594329476 83.214516120031476 119.39256335794926 109.60635845735669 72.892491839826107 117.57626270316541 6.9349084328860036
leaf_count=1523 437 1510 1776 999 1273 3406 112
internal_value=0 0.00600452 0.0193484 -0.00372384 -0.00936444 -0.0180742 0.0070607
internal_weight=0 333.397 140.576 192.821 230.369 150.541 79.8274
internal_count=11036 4722 2213 2509 6314 4929 1385
is_linear=0
shrinkage=0.0710806


Tree=46
num_leaves=5
num_cat=0
split_feature=3 4 16 6
split_gain=6.18098 6.20636 8.75875 5.6123
threshold=6.5000000000000009 1.0000000180025095e-35 1.0000000180025095e-35 22.250000000000004
decision_type=2 10 2 10
left_child=1 2 -1 -3
right_child=-2 3 -4 -5
leaf_value=-0.0075944087074260036 0.056854792650982852 0.018819286376677215 0.082920030671083542 -0.0086582402333231692
leaf_weight=376.05364164989442 9.410108966752885 116.60224083065987 5.4801370128989211 55.401028823107481
leaf_count=9158 63 1290 70 455
internal_value=0 -0.00124074 -0.00629431 0.00996897
internal_weight=0 553.537 381.534 172.003
internal_count=11036 10973 9228 1745
is_linear=0
shrinkage=0.0710806


Tree=47
num_leaves=8
num_cat=0
split_feature=11 2 2 0 3 2 0
split_gain=6.25226 13.0541 20.1345 10.2337 7.87827 16.0416 8.1458
threshold=1.0000000180025095e-35 2013.5000000000002 2014.5000000000002 35.500000000000007 1.5000000000000002 2012.5000000000002 5.5000000000000009
decision_type=2 8 10 2 2 8 2
left_child=1 3 -3 -1 6 -6 -2
right_child=4 2 -4 -5 5 -7 -8
leaf_value=-0.036315244685211731 -0.013482635832107749 0.060428599634857486 -0.0082125377533354919 0.039269522684512941 0.048748041601536535 -0.032893355271033958 0.011838338970301111
leaf_weight=89.355960163287818 115.21526535786688 26.800366310402751 111.08045378234237 10.070300171151755 48.600385116413236 16.21755263209343 144.94712421577424
leaf_count=2694 3221 347 2282 124 514 128 1726
internal_value=0 -0.00902742 0.00512947 -0.0286597 0.00614884 0.0283212 0.000624716
internal_weight=0 237.307 137.881 99.4263 324.98 64.8179 260.162
internal_count=11036 5447 2629 2818 5589 642 4947
is_linear=0
shrinkage=0.0710806


Tree=48
num_leaves=7
num_cat=0
split_feature=2 2 2 5 12 0
split_gain=6.08054 6.65178 7.89529 7.78265 2.69868 0.0019986
threshold=2002.5000000000002 2015.5000000000002 2013.5000000000002 2.5000000000000004 1.0000000180025095e-35 14.500000000000002
decision_type=8 10 8 2 2 2
left_child=4 2 -2 -3 5 -1
right_child=1 3 -4 -5 -6 -7
leaf_value=-0.072581605512579264 -4.8223378554091315e-06 -0.026566842989410595 0.023922547664688598 0.011056017341164534 0.039131970032628832 -0.075172092828802828
leaf_weight=5.8404611339792591 340.4315955080092 81.909206229262054 87.605643015354872 42.036243362352252 1.2513251360505817 2.0269875582307577
leaf_count=347 6783 2247 1054 523 36 46
internal_value=0 0.000693487 0.00489235 -0.013807 -0.0578275 -0.073249
internal_weight=0 551.983 428.037 123.945 9.11877 7.86745
internal_count=11036 10607 7837 2770 429 393
is_linear=0
shrinkage=0.0710806


Tree=49
num_leaves=7
num_cat=0
split_feature=2 11 2 3 1 0
split_gain=5.56737 6.34437 11.5313 7.42654 2.61067 0.00164362
threshold=2002.5000000000002 1.0000000180025095e-35 2010.5000000000002 1.5000000000000002 17.450000000000003 14.500000000000002
decision_type=8 2 8 2 2 2
left_child=4 2 -2 -3 -1 -6
right_child=1 3 -4 -5 5 -7
leaf_value=0.036450491119219761 -0.036947818103607463 0.0017167566345135646 0.00045807115506612238 0.028802199616513618 -0.072620437379403838 -0.075083042366810807
leaf_weight=1.2887052008882145 54.385834638029337 255.91552963387221 177.65944838430732 63.921832289546728 5.5301323272287846 1.820008799433708
leaf_count=49 1784 4757 3502 564 338 42
internal_value=0 0.0006385 -0.00830897 0.00712998 -0.0568685 -0.0732302
internal_weight=0 551.883 232.045 319.837 8.63885 7.35014
internal_count=11036 10607 5286 5321 429 380
is_linear=0
shrinkage=0.0710806


Tree=50
num_leaves=8
num_cat=0
split_feature=2 2 11 1 5 1 1
split_gain=5.1674 7.37745 16.1634 15.8819 7.30034 10.3426 5.93017
threshold=2015.5000000000002 2013.5000000000002 1.0000000180025095e-35 85.750000000000014 1.5000000000000002 59.95000000000001 8.5500000000000025
decision_type=10 8 2 2 2 2 2
left_child=1 2 -1 -3 6 -6 -2
right_child=4 3 -4 -5 5 -7 -8
leaf_value=-0.026312021843543764 0.1018306140507607 0.010515690464941312 0.008086457062297504 0.1026633002809261 -0.045458577040350605 0.017871665779004012 -0.037154704421661855
leaf_weight=94.907180586829782 1.5992108797654498 78.434076469391584 253.00086147524416 10.744643930345772 17.374119395390153 52.095326038077474 51.524669770151377
leaf_count=2818 36 962 4394 92 274 783 1677
internal_value=0 0.00337816 -0.00129724 0.021618 -0.0131354 0.00203294 -0.0329708
internal_weight=0 437.087 347.908 89.1787 122.593 69.4694 53.1239
internal_count=11036 8266 7212 1054 2770 1057 1713
is_linear=0
shrinkage=0.0710806


Tree=51
num_leaves=7
num_cat=0
split_feature=2 2 5 15 12 0
split_gain=5.05875 5.16902 6.56944 6.32844 2.64926 0.00135033
threshold=2002.5000000000002 2015.5000000000002 1.5000000000000002 1.0000000180025095e-35 1.0000000180025095e-35 14.500000000000002
decision_type=8 10 2 2 2 2
left_child=4 3 -3 -2 5 -1
right_child=1 2 -4 -5 -6 -7
leaf_value=-0.07239931950606826 -0.0042678506740447637 -0.031615664332830473 0.0018634973094555387 0.012989255853790151 0.039613966808395899 -0.074666359545191074
leaf_weight=5.1226132893934828 217.75392354279757 51.551849734969437 69.584198240190744 211.78905758447945 1.2459398023784158 1.7917893594130871
leaf_count=347 3761 1713 1057 4076 36 46
internal_value=0 0.000583761 -0.0123842 0.00424088 -0.0557947 -0.0729868
internal_weight=0 550.679 121.136 429.543 8.16034 6.9144
internal_count=11036 10607 2770 7837 429 393
is_linear=0
shrinkage=0.0710806


Tree=52
num_leaves=8
num_cat=0
split_feature=8 6 0 6 1 1 2
split_gain=4.98522 6.12942 9.32451 7.55498 5.06462 5.20723 3.9549
threshold=0.75000000000000011 2.2500000000000004 4.5000000000000009 96.000000000000014 43.650000000000013 52.350000000000001 2012.5000000000002
decision_type=10 10 2 8 2 2 10
left_child=1 2 -1 -3 6 -6 -2
right_child=4 3 -4 -5 5 -7 -8
leaf_value=-0.010266833547723264 0.0074108453979612188 -0.016068176650737516 0.017074989802964177 0.093343539941180054 0.055485607232129863 0.011052285119793531 -0.06680012843318868
leaf_weight=127.96011835196987 7.715162215754388 173.69032533746213 124.17369405459613 3.248288929462432 15.387002778239546 99.474300814792514 6.8494393629953265
leaf_count=4232 85 3256 2043 21 176 1127 96
internal_value=0 -0.00391813 0.00319877 -0.0140596 0.0119977 0.0170046 -0.0274891
internal_weight=0 429.072 252.134 176.939 129.426 114.861 14.5646
internal_count=11036 9552 6275 3277 1484 1303 181
is_linear=0
shrinkage=0.0710806


Tree=53
num_leaves=6
num_cat=0
split_feature=2 1 1 1 0
split_gain=4.67746 5.11083 7.22553 2.5012 0.0011591
threshold=2002.5000000000002 1.0500000000000003 48.45000000000001 17.450000000000003 14.500000000000002
decision_type=8 2 2 2 2
left_child=3 -2 -3 -1 -5
right_child=1 2 -4 4 -6
leaf_value=0.034788500800964142 0.080846643286460712 -0.022924561430039781 0.0028869579822909581 -0.072465072549914467 -0.074657626752804782
leaf_weight=1.3066252693533886 3.9761400846764436 61.786036357283592 484.31000646576285 4.8541312203742564 1.6263792049139736
leaf_count=49 57 1379 9171 338 42
internal_value=0 0.000551241 -3.33918e-05 -0.0549266 -0.0730153
internal_weight=0 550.072 546.096 7.78714 6.48051
internal_count=11036 10607 10550 429 380
is_linear=0
shrinkage=0.0710806


Tree=54
num_leaves=8
num_cat=0
split_feature=3 5 1 1 15 2 2
split_gain=4.6008 5.6414 5.8098 4.87428 4.87205 18.4738 10.4009
threshold=1.0000000180025095e-35 1.0000000180025095e-35 68.450000000000017 11.750000000000002 1.0000000180025095e-35 2007.5000000000002 2006.5000000000002
decision_type=2 2 2 2 2 8 10
left_child=1 2 -1 -3 5 -2 -6
right_child=4 3 -4 -5 6 -7 -8
leaf_value=-0.047341146637819138 -0.064987536385875552 0.076460118605829158 -0.0078197401848574197 -0.0015811330243772619 0.043971010394112893 0.0097254966612102135 0.00065969410892345896
leaf_weight=29.124961135908961 20.093040070030838 4.1146617615595451 52.976772991940379 234.00619786931202 45.922003869898617 99.640135893598199 71.835062580183148
leaf_count=1281 529 73 1673 4795 609 1105 971
internal_value=0 -0.00577243 -0.0218397 -0.000232602 0.007284 -0.00281248 0.0175499
internal_weight=0 320.223 82.1017 238.121 237.49 119.733 117.757
internal_count=11036 7822 2954 4868 3214 1634 1580
is_linear=0
shrinkage=0.0710806


Tree=55
num_leaves=5
num_cat=0
split_feature=3 4 6 6
split_gain=4.35672 4.9593 7.68293 5.17731
threshold=6.5000000000000009 1.0000000180025095e-35 96.000000000000014 22.250000000000004
decision_type=2 10 10 10
left_child=1 2 -1 -3
right_child=-2 3 -4 -5
leaf_value=-0.0064867817739215905 0.047534373503690525 0.017378401518584469 0.11429063633203758 -0.0090465946392698591
leaf_weight=372.53491259459406 9.4912530304864031 117.32885941490531 2.6802235394716254 55.031118443235755
leaf_count=9211 63 1290 17 455
internal_value=0 -0.00103928 -0.00562405 0.00894142
internal_weight=0 547.575 375.215 172.36
internal_count=11036 10973 9228 1745
is_linear=0
shrinkage=0.0710806


Tree=56
num_leaves=8
num_cat=0
split_feature=1 8 6 13 1 6 6
split_gain=4.36765 5.17352 6.62993 5.01718 4.59661 7.95461 4.36257
threshold=88.65000000000002 0.75000000000000011 2.2500000000000004 1.0000000180025095e-35 90.550000000000011 1.0000000180025095e-35 7.7500000000000009
decision_type=2 10 10 2 2 8 10
left_child=1 2 -1 -3 5 -2 -6
right_child=4 3 -4 -5 6 -7 -8
leaf_value=0.0020049487529438716 0.12778288518197148 0.0027294352058920834 -0.016603956313561895 0.035466883281849076 -0.01370002244305134 0.0071577930420032741 0.069940395478843384
leaf_weight=234.24953000294045 5.1012335848063239 96.540615280158818 164.77417665161192 31.327353782020509 14.394044458866121 6.0238344185054311 4.0336705297231665
leaf_count=5991 75 1149 3139 309 241 91 41
internal_value=0 -0.0016923 -0.00567947 0.01075 0.0263896 0.0624686 0.00460816
internal_weight=0 526.892 399.024 127.868 29.5528 11.1251 18.4277
internal_count=11036 10588 9130 1458 448 166 282
is_linear=0
shrinkage=0.0710806


Tree=57
num_leaves=7
num_cat=0
split_feature=2 2 14 2 12 0
split_gain=4.08162 4.45764 5.80825 5.73042 2.53298 0.000939556
threshold=2002.5000000000002 2015.5000000000002 1.0000000180025095e-35 2013.5000000000002 1.0000000180025095e-35 14.500000000000002
decision_type=8 10 2 8 2 2
left_child=4 3 -3 -2 5 -1
right_child=1 2 -4 -5 -6 -7
leaf_value=-0.072216939391569659 -0.00035185093870102946 -0.017553091462528699 0.029892211307853214 0.019809855518012249 0.038191062231944219 -0.074237915404773883
leaf_weight=4.3594579230993977 339.26558216940612 104.61016484815627 14.892378436401485 90.151699738577008 1.2600930649787185 1.5847660042345522
leaf_count=347 6783 2564 206 1054 36 46
internal_value=0 0.000501814 -0.0116405 0.00388089 -0.0533503 -0.0727557
internal_weight=0 548.92 119.503 429.417 7.20432 5.94422
internal_count=11036 10607 2770 7837 429 393
is_linear=0
shrinkage=0.0710806


Tree=58
num_leaves=6
num_cat=0
split_feature=1 7 1 1 6
split_gain=3.94848 9.82114 7.4998 5.41568 3.57767
threshold=48.45000000000001 811.50000000000011 51.550000000000004 1.0500000000000003 3.7500000000000004
decision_type=2 10 2 2 10
left_child=3 2 -2 -1 -5
right_child=1 -3 -4 4 -6
leaf_value=0.058260694913158093 0.044535882755853469 0.092107458762445582 -0.00088668626855424831 -0.03664770318313687 -0.0025708726421527204
leaf_weight=4.5930892033502451 19.124803078826517 6.0418334528803816 462.72221271740273 35.436008157208562 27.76107058301568
leaf_count=62 354 37 9046 1172 365
internal_value=0 0.00204544 0.000916163 -0.0162623 -0.0216785
internal_weight=0 487.889 481.847 67.7902 63.1971
internal_count=11036 9437 9400 1599 1537
is_linear=0
shrinkage=0.0710806


Tree=59
num_leaves=7
num_cat=0
split_feature=3 6 1 15 4 2
split_gain=3.78794 5.05777 5.45128 4.6446 16.7902 8.87905
threshold=1.0000000180025095e-35 206.50000000000003 66.850000000000009 1.0000000180025095e-35 44.500000000000007 2007.5000000000002
decision_type=2 10 2 2 8 10
left_child=1 2 -1 4 -2 -5
right_child=3 -3 -4 5 -6 -7
leaf_value=-0.017117283430409018 0.0060704791847229437 0.1209720117286122 0.0018756952962163957 0.035676847123426822 -0.079150815624378645 -0.0032558768763369223
leaf_weight=129.30665522580966 106.36317885667086 1.5955133736133564 186.43255496025085 60.322447763755918 13.121459879446773 58.104689025320113
leaf_count=3417 1266 8 4397 754 368 826
internal_value=0 -0.00526471 -0.00590262 0.00659923 -0.00328828 0.016575
internal_weight=0 317.335 315.739 237.912 119.485 118.427
internal_count=11036 7822 7814 3214 1634 1580
is_linear=0
shrinkage=0.0710806


Tree=60
num_leaves=7
num_cat=0
split_feature=16 6 4 3 6 1
split_gain=3.83597 4.96418 4.04629 7.56288 5.35825 2.84511
threshold=1.0000000180025095e-35 1.0000000180025095e-35 1.0000000180025095e-35 3.5000000000000004 21.250000000000004 63.250000000000007
decision_type=2 8 10 2 10 2
left_child=2 -2 3 -1 -4 -3
right_child=1 5 4 -5 -6 -7
leaf_value=-0.0076677936054856686 0.098981178451816837 0.051942386807104231 0.016853861825186136 0.036541457545565301 -0.010126246500320988 -0.03239360765975715
leaf_weight=352.3268940388225 4.4488793276250336 3.6820480162277818 113.85733215324581 20.699349395930767 55.232334762811661 4.4801735067740083
leaf_count=8982 39 39 1247 224 465 40
internal_value=0 0.0385756 -0.00108011 -0.00521461 0.00804094 0.00565108
internal_weight=0 12.6111 542.116 373.026 169.09 8.16222
internal_count=11036 118 10918 9206 1712 79
is_linear=0
shrinkage=0.0710806


Tree=61
num_leaves=8
num_cat=0
split_feature=1 0 2 7 7 5 6
split_gain=3.59634 4.25251 8.09598 5.61522 3.96572 5.39783 4.04629
threshold=88.65000000000002 4.5000000000000009 2006.5000000000002 6.6250000000000009 1.0000000180025095e-35 1.0000000180025095e-35 7.7500000000000009
decision_type=2 2 8 10 8 2 10
left_child=1 3 -3 -1 5 -2 -6
right_child=4 2 -4 -5 6 -7 -8
leaf_value=-0.020024769918812628 0.0069907426372547701 0.024646060110900963 -0.0025101275248612534 0.0035121544214139575 -0.0041791884353126032 0.1518684385895834 0.062850177538844906
leaf_weight=114.17509650997818 2.571672938764098 71.673864989541471 245.29755511041731 92.865201524458826 18.928602196276191 2.6262035425752401 5.9901264086365691
leaf_count=4214 58 1142 3420 1812 287 38 65
internal_value=0 -0.00154467 0.00363045 -0.00946759 0.0237141 0.0801895 0.0119338
internal_weight=0 524.012 316.971 207.04 30.1166 5.19788 24.9187
internal_count=11036 10588 4562 6026 448 96 352
is_linear=0
shrinkage=0.0710806


Tree=62
num_leaves=8
num_cat=0
split_feature=1 7 15 7 1 7 2
split_gain=3.55452 5.0968 6.43133 5.37302 4.15036 14.4218 5.45745
threshold=74.750000000000014 159.25000000000003 1.0000000180025095e-35 234.25000000000003 75.350000000000009 33.250000000000007 2020.5000000000002
decision_type=2 10 2 10 2 10 10
left_child=1 2 -1 -3 5 -2 -6
right_child=4 3 -4 -5 6 -7 -8
leaf_value=-0.01868828823396277 -0.0069535138612950437 0.04402909741049512 0.0025704330909620391 -0.0022704158750348875 0.0075215877781225965 0.18722794079711075 -0.0482580785276982
leaf_weight=148.62217379407957 6.1092389859259111 20.532231893390417 139.28070216951892 33.04624180868268 193.93498521950096 2.8265087325125933 9.2865221034735423
leaf_count=3434 154 175 3449 260 3401 26 137
internal_value=0 -0.00465763 -0.00840381 0.0154724 0.00705736 0.0544689 0.00497265
internal_weight=0 341.481 287.903 53.5785 212.157 8.93575 203.222
internal_count=11036 7318 6883 435 3718 180 3538
is_linear=0
shrinkage=0.0710806


Tree=63
num_leaves=7
num_cat=0
split_feature=2 2 5 2 12 0
split_gain=3.48019 3.69493 5.36946 5.06593 2.42304 0.000773469
threshold=2002.5000000000002 2015.5000000000002 1.5000000000000002 2013.5000000000002 1.0000000180025095e-35 14.500000000000002
decision_type=8 10 2 8 2 2
left_child=4 3 -3 -2 5 -1
right_child=1 2 -4 -5 -6 -7
leaf_value=-0.072105743155021496 -0.00048922909034697978 -0.028841026351409439 0.0020059300520020727 0.018419851921544043 0.036339456229814451 -0.074027253110389296
leaf_weight=3.8562278030440202 338.14289059955627 48.490741815418005 69.194423815235496 90.808940675109625 1.2790087703615425 1.458832550793886
leaf_count=347 6783 1713 1057 1054 36 46
internal_value=0 0.000452831 -0.0107042 0.00351382 -0.0514964 -0.0726331
internal_weight=0 546.637 117.685 428.952 6.59407 5.31506
internal_count=11036 10607 2770 7837 429 393
is_linear=0
shrinkage=0.0710806


Tree=64
num_leaves=8
num_cat=0
split_feature=11 2 4 2 3 6 16
split_gain=3.24807 9.41928 7.82024 6.81153 4.67039 16.5042 5.0822
threshold=1.0000000180025095e-35 2012.5000000000002 1.5000000000000002 2014.5000000000002 3.5000000000000004 1.0000000180025095e-35 1.0000000180025095e-35
decision_type=2 8 10 10 2 8 2
left_child=1 2 -1 -3 6 -6 -2
right_child=4 3 -4 -5 5 -7 -8
leaf_value=-0.040334964619290425 0.0010339415094010214 0.027545380708304347 0.011022845162434151 -0.0059244302506177736 0.12948110727267384 -0.0073625798214273395 0.074260461487145074
leaf_weight=56.987946651875973 300.54257548972964 43.145314938388765 20.321684397757053 106.68762165214866 6.6234762705862549 13.588259969837962 4.8662286060862234
leaf_count=2259 5403 660 246 2282 46 98 42
internal_value=0 -0.00668397 -0.026835 0.00371341 0.00439064 0.0374817 0.0022007
internal_weight=0 227.143 77.3096 149.833 325.621 20.2117 305.409
internal_count=11036 5447 2505 2942 5589 144 5445
is_linear=0
shrinkage=0.0710806


Tree=65
num_leaves=7
num_cat=0
split_feature=0 1 1 2 1 2
split_gain=3.10805 8.75791 6.90714 6.14098 5.45423 3.1797
threshold=36.500000000000007 1.0500000000000003 31.350000000000005 2006.5000000000002 59.750000000000007 2004.5000000000002
decision_type=2 2 2 10 2 10
left_child=1 -1 -3 5 -5 -2
right_child=3 2 -4 4 -6 -7
leaf_value=0.15318172542889275 0.029144417971115062 -0.049360069012318916 -0.00089806842055432197 -0.024826358466017145 0.028247932720263557 0.11686568256637778
leaf_weight=1.8352355174720276 4.2246241830289346 15.327452225610612 486.46683198027313 17.135644609108567 22.799050204455853 4.1275136806070805
leaf_count=29 45 497 10108 157 161 39
internal_value=0 -0.00181149 -0.00237835 0.0170667 0.0054742 0.0724951
internal_weight=0 503.63 501.794 48.2868 39.9347 8.35214
internal_count=11036 10634 10605 402 318 84
is_linear=0
shrinkage=0.0710806


Tree=66
num_leaves=7
num_cat=0
split_feature=2 11 2 2 1 0
split_gain=3.05099 3.21051 8.68289 5.26721 2.50709 0.000586463
threshold=2002.5000000000002 1.0000000180025095e-35 2010.5000000000002 2012.5000000000002 17.450000000000003 14.500000000000002
decision_type=8 2 8 10 2 2
left_child=4 2 -2 -3 -1 -6
right_child=1 3 -4 -5 5 -7
leaf_value=0.040367828417114518 -0.032617460284125745 0.010471480561249509 0.0012806433774949124 -0.0099830954179251936 -0.07223709554361718 -0.074005158456358022
leaf_weight=1.2409450039267529 48.899077497422695 235.24589950591326 174.13456643372774 87.178107317537069 3.634112763684243 1.2823303388431666
leaf_count=49 1784 3941 3502 1380 338 42
internal_value=0 0.000405359 -0.00615136 0.0049409 -0.0499112 -0.0726983
internal_weight=0 545.458 223.034 322.424 6.15739 4.91644
internal_count=11036 10607 5286 5321 429 380
is_linear=0
shrinkage=0.0710806


Tree=67
num_leaves=8
num_cat=0
split_feature=8 6 16 6 1 1 2
split_gain=2.9072 5.23551 6.16157 5.35108 3.51909 6.69344 3.72236
threshold=0.75000000000000011 2.2500000000000004 1.0000000180025095e-35 96.000000000000014 43.650000000000013 45.750000000000007 2012.5000000000002
decision_type=10 10 2 8 2 2 10
left_child=1 2 -1 -3 6 -6 -2
right_child=4 3 -4 -5 5 -7 -8
leaf_value=0.002070678751528669 0.009072832010844795 -0.014366962192240139 0.087064414071680238 0.074539693479897709 0.12347022831372653 0.010464926810905962 -0.064880221559660986
leaf_weight=243.4268243117258 7.5061232354491931 168.59669223986566 4.3870957149192682 3.4912095442414275 2.710750517435371 114.79761820007116 6.3462410289794207
leaf_count=6225 85 3256 50 21 31 1272 96
internal_value=0 -0.00303873 0.00357534 -0.0125633 0.00907731 0.0130718 -0.0248076
internal_weight=0 419.902 247.814 172.088 131.361 117.508 13.8524
internal_count=11036 9552 6275 3277 1484 1303 181
is_linear=0
shrinkage=0.0710806


Tree=68
num_leaves=8
num_cat=0
split_feature=1 1 15 3 5 6 7
split_gain=2.8761 5.02247 4.39181 3.56675 3.64993 3.60771 2.0896
threshold=74.750000000000014 73.550000000000011 1.0000000180025095e-35 3.5000000000000004 1.5000000000000002 1.2500000000000002 115.25000000000001
decision_type=2 2 2 2 2 8 8
left_child=1 2 -1 4 -2 -5 -3
right_child=3 6 -4 5 -6 -7 -8
leaf_value=-0.010044887311396619 -0.004088179763883368 -0.026759359393715151 0.0065938866590514855 0.091887865993500059 0.015260225713915238 0.010720409725974475 -0.083569873438919126
leaf_weight=172.19545162678696 115.79972379934043 11.269016720354553 149.94157224521041 4.8029662109911415 85.728216032497585 6.5261209197342405 4.6091768727637836
leaf_count=3518 2594 286 3412 34 1040 50 102
internal_value=0 -0.00422385 -0.00230022 0.00632405 0.00414246 0.0451314 -0.0432505
internal_weight=0 338.015 322.137 212.857 201.528 11.3291 15.8782
internal_count=11036 7318 6930 3718 3634 84 388
is_linear=0
shrinkage=0.0710806


Tree=69
num_leaves=8
num_cat=0
split_feature=4 17 1 7 6 5 6
split_gain=2.84937 5.70673 7.57008 6.11797 4.5508 7.06325 4.34033
threshold=1.0000000180025095e-35 1.0000000180025095e-35 75.950000000000017 135.50000000000003 21.250000000000004 2.5000000000000004 26.250000000000004
decision_type=10 2 2 10 10 2 10
left_child=1 2 -1 -3 5 -2 -6
right_child=4 3 -4 -5 6 -7 -8
leaf_value=-0.016631018860734762 0.029021162370611524 0.014462377696761773 0.0048350171342733264 0.12889021123772246 -0.050521015037268184 -0.0065706517580104767 9.9546079392551397e-05
leaf_weight=179.47332881577313 72.838983446359634 37.788743420504034 154.4219779111445 2.5180325210094443 10.457204818725584 45.938416339457035 47.120312420651317
leaf_count=5758 878 524 2972 22 98 402 382
internal_value=0 -0.00365344 -0.00670327 0.0216109 0.00730577 0.0152557 -0.00909414
internal_weight=0 374.202 333.895 40.3068 176.355 118.777 57.5775
internal_count=11036 9276 8730 546 1760 1280 480
is_linear=0
shrinkage=0.0710806


Tree=70
num_leaves=7
num_cat=0
split_feature=3 6 1 2 6 5
split_gain=2.71774 4.35531 4.27009 3.77041 3.56239 2.51052
threshold=1.0000000180025095e-35 149.25000000000003 66.250000000000014 2020.5000000000002 21.250000000000004 2.5000000000000004
decision_type=2 10 2 10 10 2
left_child=1 2 -1 4 -2 -5
right_child=3 -3 -4 5 -6 -7
leaf_value=-0.016080466952969667 0.01216896693226655 0.064503055924953479 0.0011129240899764191 -0.063277652486824876 -0.012410168048063486 -0.0071514216905040444
leaf_weight=118.79150290274993 183.65276073291898 4.554558038711547 189.25437190709636 5.9550076080486205 35.561681443825364 12.433882590383289
leaf_count=3299 2655 23 4500 143 283 133
internal_value=0 -0.00449716 -0.00551735 0.0055883 0.00818166 -0.0253272
internal_weight=0 312.6 308.046 237.603 219.214 18.3889
internal_count=11036 7822 7799 3214 2938 276
is_linear=0
shrinkage=0.0710806


Tree=71
num_leaves=7
num_cat=0
split_feature=4 3 2 12 17 1
split_gain=2.72797 4.27444 3.91094 3.58565 3.41604 2.61904
threshold=3.5000000000000004 6.5000000000000009 2020.5000000000002 1.0000000180025095e-35 1.0000000180025095e-35 62.550000000000004
decision_type=10 2 10 2 2 2
left_child=1 4 3 -2 -1 -4
right_child=2 -3 5 -5 -6 -7
leaf_value=-0.006237811779379797 0.0087562209482929514 0.051898290357435824 -0.079996151609271218 0.052855608948365988 0.012401638362476482 0.00066549971853508316
leaf_weight=365.15622516791336 101.65625258348882 7.103384085930883 3.9265051651746017 10.255220884457229 57.499988221563399 4.2192545980215073
leaf_count=9179 847 50 50 110 760 40
internal_value=0 -0.00278302 0.00933616 0.0127974 -0.00370202 -0.0382159
internal_weight=0 429.76 120.057 111.911 422.656 8.14576
internal_count=11036 9989 1047 957 9939 90
is_linear=0
shrinkage=0.0710806


Tree=72
num_leaves=6
num_cat=0
split_feature=2 1 1 12 0
split_gain=2.69189 2.74666 4.63094 2.43423 0.000538745
threshold=2002.5000000000002 1.0500000000000003 38.850000000000001 1.0000000180025095e-35 14.500000000000002
decision_type=8 2 2 2 2
left_child=3 -2 -3 4 -1
right_child=1 2 -4 -5 -6
leaf_value=-0.071980349723524115 0.054624727221913777 -0.029026679128900168 0.0014119907956765111 0.039948193792236922 -0.073705996347411873
leaf_weight=3.2747470722533754 4.6759381275624028 26.563212002627552 512.15005661733449 1.2387115741148589 1.2680112235248087
leaf_count=347 57 709 9841 36 46
internal_value=0 0.00038192 -8.88982e-05 -0.0483775 -0.072462
internal_weight=0 543.389 538.713 5.78147 4.54276
internal_count=11036 10607 10550 429 393
is_linear=0
shrinkage=0.0710806


Tree=73
num_leaves=8
num_cat=0
split_feature=1 8 1 8 6 13 0
split_gain=2.63205 3.49945 4.70958 3.1236 5.67607 4.37659 2.45684
threshold=88.65000000000002 2.2500000000000004 90.550000000000011 0.75000000000000011 2.2500000000000004 1.0000000180025095e-35 3.5000000000000004
decision_type=2 8 2 10 10 2 2
left_child=3 2 -2 4 -1 -5 -3
right_child=1 6 -4 5 -6 -7 -8
leaf_value=0.0026499690733851338 0.07044613205182218 0.02677856972776815 0.0073585563025487114 0.00074485985046793268 -0.014806911187753404 0.031055396918291553 -0.072278484033779414
leaf_weight=229.59081827895716 9.5472269561141783 2.1079283664003006 15.994376068934796 97.185152349993587 159.47015007585287 31.991551676765084 3.1637251395732164
leaf_count=5991 128 54 236 1149 3139 309 30
internal_value=0 0.0200576 0.0309401 -0.00132555 -0.00450534 0.00825149 -0.0326694
internal_weight=0 30.8133 25.5416 518.238 389.061 129.177 5.27165
internal_count=11036 448 364 10588 9130 1458 84
is_linear=0
shrinkage=0.0710806


Tree=74
num_leaves=7
num_cat=0
split_feature=2 2 14 2 1 17
split_gain=2.46201 2.70662 5.22469 4.31887 2.37334 0.00044505
threshold=2002.5000000000002 2015.5000000000002 1.0000000180025095e-35 2013.5000000000002 17.450000000000003 1.0000000180025095e-35
decision_type=8 10 2 8 2 2
left_child=4 3 -3 -2 -1 -6
right_child=1 2 -4 -5 5 -7
leaf_value=0.03844401598333605 -0.00076718709151760004 -0.015136842603027096 0.030114631941012552 0.016635318421832451 -0.072301712065844986 -0.074590179129643164
leaf_weight=1.2599812299013127 336.53466935362667 100.28656662069261 14.792865974828599 91.681576607748866 3.7905369985383004 0.48420730512589205
leaf_count=49 6783 2564 206 1054 363 17
internal_value=0 0.000357866 -0.00932 0.00295871 -0.0472906 -0.0725609
internal_weight=0 543.296 115.079 428.216 5.53473 4.27474
internal_count=11036 10607 2770 7837 429 380
is_linear=0
shrinkage=0.0710806


Tree=75
num_leaves=7
num_cat=0
split_feature=16 1 4 6 6 1
split_gain=2.3912 4.19352 2.67433 4.88984 4.18955 1.47108
threshold=1.0000000180025095e-35 78.65000000000002 1.0000000180025095e-35 96.000000000000014 21.250000000000004 63.250000000000007
decision_type=2 2 10 10 10 2
left_child=2 5 3 -1 -4 -2
right_child=1 -3 4 -5 -6 -7
leaf_value=-0.0050317678221302843 0.029311583069519222 0.095043378080468449 0.01414494565529509 0.08667415337927957 -0.0097481738559637883 -0.027069432847504252
leaf_weight=361.95146358222701 5.4517443142831308 3.6127236261963835 115.85554466955364 2.9617005214095107 54.530785240232944 4.0940040228888392
leaf_count=9189 52 28 1247 17 465 38
internal_value=0 0.0298167 -0.000854397 -0.00428747 0.00649814 0.00513075
internal_weight=0 13.1585 535.299 364.913 170.386 9.54575
internal_count=11036 118 10918 9206 1712 90
is_linear=0
shrinkage=0.0710806


Tree=76
num_leaves=8
num_cat=0
split_feature=0 2 15 2 15 5 1
split_gain=2.39312 5.65434 21.0722 5.01649 13.1443 4.5532 3.37261
threshold=4.5000000000000009 2006.5000000000002 1.0000000180025095e-35 2009.5000000000002 1.0000000180025095e-35 2.5000000000000004 93.15000000000002
decision_type=2 8 2 8 2 2 2
left_child=3 2 -2 4 -1 -5 -3
right_child=1 6 -4 5 -6 -7 -8
leaf_value=-0.062487037401930644 -0.052360149089044739 -0.002272493375649018 0.040551182475524472 -0.0057796026486570578 -0.0028730139737952265 0.02412466696554736 0.066931317773784596
leaf_weight=24.76889258576557 15.625133959576486 253.55703910905868 58.538716690149158 77.330714825540781 76.105566354934126 38.548307849094272 3.6086552869528523
leaf_count=1153 418 3523 748 2427 2217 517 33
internal_value=0 0.00368517 0.0209763 -0.00592084 -0.0175107 0.00416835 -0.0013014
internal_weight=0 331.33 74.1639 216.753 100.874 115.879 257.166
internal_count=11036 4722 1166 6314 3370 2944 3556
is_linear=0
shrinkage=0.0710806


Tree=77
num_leaves=7
num_cat=0
split_feature=1 7 1 13 1 15
split_gain=2.294 6.8239 6.7351 4.23505 8.08443 5.87579
threshold=48.45000000000001 811.50000000000011 50.750000000000007 1.0000000180025095e-35 17.450000000000003 1.0000000180025095e-35
decision_type=2 10 2 2 2 2
left_child=3 2 -2 5 -5 -1
right_child=1 -3 -4 4 -6 -7
leaf_value=-0.048442910536550983 0.048877947631439385 0.074359405275933335 -0.0009051282768558611 0.16855076603036215 0.0014631537293423227 -0.00021889164327475389
leaf_weight=22.945375119335949 14.149754013633354 6.4172530844807616 463.26886892667972 1.707125371787696 10.233543269336222 28.773864116054028
leaf_count=603 255 37 9145 36 228 732
internal_value=0 0.00154903 0.000570345 -0.0128044 0.0253512 -0.0216136
internal_weight=0 483.836 477.419 63.6599 11.9407 51.7192
internal_count=11036 9437 9400 1599 264 1335
is_linear=0
shrinkage=0.0710806


Tree=78
num_leaves=8
num_cat=0
split_feature=2 5 14 1 15 2 2
split_gain=2.28035 4.48649 5.13374 4.46394 3.96583 25.8783 8.70579
threshold=2015.5000000000002 2.5000000000000004 1.0000000180025095e-35 60.350000000000001 1.0000000180025095e-35 2007.5000000000002 2006.5000000000002
decision_type=10 2 2 2 2 8 10
left_child=4 2 -2 -3 5 -1 -6
right_child=1 3 -4 -5 6 -7 -8
leaf_value=-0.057950404876490356 -0.02463024638446298 -0.037030594323622275 0.055474436152025908 0.020761230383544167 0.023536188285341687 0.0067877193723109392 -0.0049064557021167758
leaf_weight=37.857592388987541 67.701011472847313 8.4254248868674022 4.2988910181447855 34.016848182305694 106.44097877526656 177.32870867894962 111.14629171229899
leaf_count=1493 2160 116 87 407 2219 2610 1944
internal_value=0 -0.00904195 -0.0198474 0.00928869 0.00224061 -0.00460162 0.00900733
internal_weight=0 114.442 71.9999 42.4423 432.774 215.186 217.587
internal_count=11036 2770 2247 523 8266 4103 4163
is_linear=0
shrinkage=0.0710806


Tree=79
num_leaves=8
num_cat=0
split_feature=4 3 2 5 2 6 1
split_gain=2.17095 3.56163 8.47479 4.39215 3.55379 3.00835 2.34164
threshold=3.5000000000000004 3.5000000000000004 2013.5000000000002 4.5000000000000009 2020.5000000000002 21.250000000000004 62.550000000000004
decision_type=10 2 8 2 8 10 2
left_child=1 3 -3 -1 5 -2 -6
right_child=4 2 -4 -5 6 -7 -8
leaf_value=-0.0057964749828153138 0.021994781820745712 0.051459017884694001 -0.038147080584444049 0.029001871453530569 -0.079319897362416319 -0.0013714691934147382 -0.0021078821679189163
leaf_weight=381.97353391908109 62.246500454843044 17.143724124412987 7.7406552564352742 19.24927182495594 3.6643337253481141 50.363229047507048 4.3289472535252571
leaf_count=9519 548 179 73 218 50 409 40
internal_value=0 -0.00250857 0.0235857 -0.00412697 0.00829372 0.0115445 -0.0375039
internal_weight=0 426.107 24.8844 401.223 120.603 112.61 7.99328
internal_count=11036 9989 252 9737 1047 957 90
is_linear=0
shrinkage=0.0710806


Tree=80
num_leaves=5
num_cat=0
split_feature=8 0 1 5
split_gain=2.09729 2.61093 6.13503 5.50948
threshold=175.50000000000003 37.500000000000007 1.0500000000000003 2.5000000000000004
decision_type=10 2 2 2
left_child=1 2 -1 -3
right_child=-2 3 -4 -5
leaf_value=0.11896343287889971 -0.068479365039579687 0.036486430368033854 -0.0018333077429973227 -0.014534807138429712
leaf_weight=2.1333862328901878 2.2583622485399237 27.396663920022547 496.69765683379956 17.538966421037912
leaf_count=30 15 256 10619 116
internal_value=0 0.000161607 -0.00131669 0.0165722
internal_weight=0 543.767 498.831 44.9356
internal_count=11036 11021 10649 372
is_linear=0
shrinkage=0.0710806


Tree=81
num_leaves=8
num_cat=0
split_feature=6 3 2 1 6 1 7
split_gain=2.05714 8.49723 9.75468 6.62351 3.38318 3.11248 0.95561
threshold=1.0000000180025095e-35 3.5000000000000004 2012.5000000000002 60.650000000000013 1.7500000000000002 8.5500000000000025 3.6250000000000004
decision_type=8 2 8 2 8 2 8
left_child=1 3 -3 -1 6 -6 -2
right_child=4 2 -4 -5 5 -7 -8
leaf_value=-0.023074996253937392 -0.075304330937617389 0.12517033417406365 -0.0090212597046411755 0.010658694933149556 0.051847754718300998 -0.0027738393355162387 -0.02741398029507161
leaf_weight=39.293003920465708 3.5240370575338575 6.2573350826278302 4.864762833341957 116.89361310470849 5.3481698320247224 364.5060756248422 5.2285886174067864
leaf_count=1224 113 48 48 2410 80 7020 93
internal_value=0 0.00644673 0.0664754 0.00217206 -0.00301765 -0.001984 -0.0466959
internal_weight=0 167.309 11.1221 156.187 378.607 369.854 8.75263
internal_count=11036 3730 96 3634 7306 7100 206
is_linear=0
shrinkage=0.0710806


Tree=82
num_leaves=6
num_cat=0
split_feature=16 1 0 8 8
split_gain=2.0505 3.31123 2.34765 3.33836 1.61297
threshold=1.0000000180025095e-35 78.65000000000002 117.00000000000001 175.50000000000003 1.2500000000000002
decision_type=2 2 2 10 8
left_child=2 4 3 -1 -2
right_child=1 -3 -4 -5 -6
leaf_value=-0.00074680021072367326 -0.018709052814764128 0.083742880200364092 0.084309926138580765 -0.10078534112863173 0.041087291758730896
leaf_weight=528.92702472396195 5.7248667264357183 3.7796490490436545 1.6323113180696953 1.6907759718596924 3.7867608880624184
leaf_count=10894 55 28 13 11 35
internal_value=0 0.0274616 -0.000803735 -0.00106557 0.00509702
internal_weight=0 13.2913 532.25 530.618 9.51163
internal_count=11036 118 10918 10905 90
is_linear=0
shrinkage=0.0710806


Tree=83
num_leaves=7
num_cat=0
split_feature=2 11 2 2 12 0
split_gain=2.01909 2.18177 7.51564 4.33003 2.16018 0.000426703
threshold=2002.5000000000002 1.0000000180025095e-35 2013.5000000000002 2012.5000000000002 1.0000000180025095e-35 14.500000000000002
decision_type=8 2 8 10 2 2
left_child=4 2 -2 -3 5 -1
right_child=1 3 -4 -5 -6 -7
leaf_value=-0.071845976415484514 -0.021913246448641024 0.0090015012477357194 0.0052089732947239323 -0.0096409844313732514 0.034128356243449155 -0.07351455770262677
leaf_weight=2.6430789290461685 83.636675068177283 236.03416412230581 134.84559897938743 85.8417764948681 1.2970226332545278 1.0952029149048028
leaf_count=347 2657 3941 2629 1380 36 46
internal_value=0 0.000308534 -0.00517362 0.0040297 -0.0449114 -0.0723348
internal_weight=0 540.358 218.482 321.876 5.0353 3.73828
internal_count=11036 10607 5286 5321 429 393
is_linear=0
shrinkage=0.0710806


Tree=84
num_leaves=4
num_cat=0
split_feature=0 8 8
split_gain=2.0523 3.32595 2.68527
threshold=124.00000000000001 175.50000000000003 123.50000000000001
decision_type=2 10 10
left_child=1 2 -1
right_child=-2 -3 -4
leaf_value=-0.00042257286502682775 0.078893007003678739 -0.097552208840048157 0.063604046951571597
leaf_weight=538.3304333917331 1.656440783292054 1.7726409658789624 3.3300190716981879
leaf_count=10992 12 12 20
internal_value=0 -0.000347064 -2.89501e-05
internal_weight=0 543.433 541.66
internal_count=11036 11024 11012
is_linear=0
shrinkage=0.0710806


Tree=85
num_leaves=7
num_cat=0
split_feature=1 1 7 8 7 7
split_gain=1.9467 5.75137 5.75779 4.86146 4.09887 8.51038
threshold=48.45000000000001 51.550000000000004 811.50000000000011 69.500000000000014 653.75000000000011 413.25000000000006
decision_type=2 2 10 8 10 10
left_child=4 3 -3 -2 5 -1
right_child=1 2 -4 -5 -6 -7
leaf_value=-0.012316274391389548 0.056376016657727041 -0.0011144823426031296 0.065906898878541231 -0.034189008013107126 -0.089179693292553111 0.14651977515808415
leaf_weight=57.552418193547055 15.819208340719344 456.31047193822451 6.5696016065776339 3.6939450763165942 3.2851071543991557 1.7563368268311013
leaf_count=1558 265 9046 37 89 28 13
internal_value=0 0.00143029 -0.000163256 0.0392316 -0.0118935 -0.00761259
internal_weight=0 482.393 462.88 19.5132 62.5939 59.3088
internal_count=11036 9437 9083 354 1599 1571
is_linear=0
shrinkage=0.0710806


Tree=86
num_leaves=8
num_cat=0
split_feature=1 8 7 1 3 0 6
split_gain=1.95185 3.10413 3.76873 2.51472 2.45467 2.32285 2.01909
threshold=88.65000000000002 2.2500000000000004 48.250000000000007 86.550000000000011 1.0000000180025095e-35 3.5000000000000004 1.2500000000000002
decision_type=2 8 8 2 2 2 8
left_child=3 2 -2 4 -1 -3 -5
right_child=1 5 -4 6 -6 -7 -8
leaf_value=-0.0047465139556736964 0.018103793759908077 0.023674272011271331 0.10774240767873938 -0.065192861833678492 0.0052918127601233938 -0.072226118660922947 -0.0099993702615441167
leaf_weight=278.29844415816478 23.470479292795069 2.1719226967543355 2.6359145976603022 5.3263712227344486 220.66164214443415 3.0938797350972891 9.0191654171794653
leaf_count=7311 345 54 19 90 3037 30 150
internal_value=0 0.0171127 0.0271544 -0.00115073 -0.000307133 -0.0326712 -0.0304922
internal_weight=0 31.3722 26.1064 513.306 498.96 5.2658 14.3455
internal_count=11036 448 364 10588 10348 84 240
is_linear=0
shrinkage=0.0710806


Tree=87
num_leaves=8
num_cat=0
split_feature=2 5 1 9 2 5 1
split_gain=1.92969 4.09821 4.83075 4.30668 3.64582 9.67293 9.00385
threshold=2015.5000000000002 1.0000000180025095e-35 93.550000000000011 1.0000000180025095e-35 2013.5000000000002 2.5000000000000004 85.750000000000014
decision_type=10 2 2 2 8 2 2
left_child=4 2 -2 -3 5 -1 -6
right_child=1 3 -4 -5 6 -7 -8
leaf_value=0.0034033184734537742 -0.049721131764779686 -0.011905719267737312 0.15321296110692956 0.021944035455686291 0.0058679551905050564 -0.031721880408031693 0.070996533220163499
leaf_weight=292.67896478041075 15.261975718196478 71.309223219752312 0.61660610325634557 25.883385268971324 80.430147648788989 45.811865838244557 12.374831240624188
leaf_count=6489 817 1346 14 593 962 723 92
internal_value=0 -0.00836086 -0.0418407 -0.00289118 0.00207137 -0.00135058 0.0145524
internal_weight=0 113.071 15.8786 97.1926 431.296 338.491 92.805
internal_count=11036 2770 831 1939 8266 7212 1054
is_linear=0
shrinkage=0.0710806


Tree=88
num_leaves=8
num_cat=0
split_feature=8 6 0 4 13 7 2
split_gain=1.92382 3.93768 4.52952 4.43071 2.87974 6.14277 3.73765
threshold=0.75000000000000011 2.2500000000000004 4.5000000000000009 3.5000000000000004 1.0000000180025095e-35 40.250000000000007 2010.5000000000002
decision_type=10 10 2 10 2 10 10
left_child=1 2 -1 -3 6 -6 -2
right_child=4 3 -4 -5 5 -7 -8
leaf_value=-0.0066279218277912437 0.020997216172472133 -0.018348283483020828 0.012691200856470521 0.0071362572444536821 0.075037353156343703 0.0067844342580515504 -0.0085018466762217179
leaf_weight=120.0484194920864 32.371865862980485 118.16140249976888 125.33250484545715 48.664138479158282 9.1431177593767625 24.554024906829 65.835717046633363
leaf_count=4232 336 2790 2043 487 135 182 831
internal_value=0 -0.00248863 0.00323965 -0.0109143 0.00737392 0.0253036 0.00122184
internal_weight=0 412.206 245.381 166.826 131.905 33.6971 98.2076
internal_count=11036 9552 6275 3277 1484 317 1167
is_linear=0
shrinkage=0.0710806


Tree=89
num_leaves=4
num_cat=0
split_feature=0 8 8
split_gain=1.8287 3.04554 2.16453
threshold=124.00000000000001 175.50000000000003 123.50000000000001
decision_type=2 10 10
left_child=1 2 -1
right_child=-2 -3 -4
leaf_value=-0.00038835366054855414 0.073710803041168477 -0.0956298071309713 0.056481776303173324
leaf_weight=536.83220081077889 1.6907462291419495 1.688921708613633 3.4028347805142394
leaf_count=10992 12 12 20
internal_value=0 -0.000328079 -3.01398e-05
internal_weight=0 541.924 540.235
internal_count=11036 11024 11012
is_linear=0
shrinkage=0.0710806


Tree=90
num_leaves=8
num_cat=0
split_feature=6 0 6 8 7 4 4
split_gain=1.82928 6.7739 4.59424 10.2211 4.3994 3.86992 3.0123
threshold=21.250000000000004 17.500000000000004 18.250000000000004 0.75000000000000011 71.250000000000014 14.500000000000002 16.500000000000004
decision_type=10 2 10 10 10 10 10
left_child=2 5 6 -4 -3 -2 -1
right_child=1 4 3 -5 -6 -7 -8
leaf_value=0.0014775681406142235 -0.043875260388588244 0.078336334256630821 -5.4481509329204174e-05 0.13589483430426971 1.953793242199451e-05 0.037243762985690917 -0.034824936573792653
leaf_weight=431.01932079787366 28.778530738316476 3.8964040614664546 8.6822267090901715 4.1200333535671225 51.832886006683111 3.3135022241622201 11.866494445130227
leaf_count=9819 439 48 134 41 430 34 91
internal_value=0 -0.00948534 0.00171834 0.0436968 0.00549518 -0.0354997 0.000504894
internal_weight=0 87.8213 455.688 12.8023 55.7293 32.092 442.886
internal_count=11036 951 10085 175 478 473 9910
is_linear=0
shrinkage=0.0710806


Tree=91
num_leaves=7
num_cat=0
split_feature=2 12 11 2 2 0
split_gain=1.82622 2.02779 1.82457 6.42793 3.54516 0.00034102
threshold=2002.5000000000002 1.0000000180025095e-35 1.0000000180025095e-35 2013.5000000000002 2012.5000000000002 14.500000000000002
decision_type=8 2 2 8 10 2
left_child=1 5 3 -2 -4 -1
right_child=2 -3 4 -5 -6 -7
leaf_value=-0.071795158672827306 -0.020497002690651859 0.030771792545337937 0.0081445857353990483 0.0047703687118963983 -0.008800424128396515 -0.073339773234391475
leaf_weight=2.4569936643820252 81.602443316951394 1.3359224749729035 237.33975192718208 135.06549559114501 84.623174396809191 1.0227997330948708
leaf_count=347 2657 36 3941 2629 1380 46
internal_value=0 -0.0436702 0.000297088 -0.00474594 0.00369084 -0.0722492
internal_weight=0 4.81572 538.631 216.668 321.963 3.47979
internal_count=11036 429 10607 5286 5321 393
is_linear=0
shrinkage=0.0710806


Tree=92
num_leaves=7
num_cat=0
split_feature=4 2 12 3 7 1
split_gain=1.81279 3.08041 3.04615 2.83814 2.87022 2.21458
threshold=3.5000000000000004 2020.5000000000002 1.0000000180025095e-35 6.5000000000000009 21.250000000000004 62.550000000000004
decision_type=10 10 2 2 10 2
left_child=3 2 -2 4 -1 -3
right_child=1 5 -4 -5 -6 -7
leaf_value=0.00068795249221989985 0.0068049357462792847 -0.078627746135351756 0.046794577549221769 0.042161809249363635 -0.012392566046696512 -0.0020314125516638485
leaf_weight=296.73512914055027 102.28300787508488 3.4103842787444583 10.623658882454036 7.1361717442050567 118.64315383508801 4.3265714906156063
leaf_count=8179 847 50 110 50 1760 40
internal_value=0 0.00759443 0.0105677 -0.00228461 -0.00304819 -0.0357944
internal_weight=0 120.644 112.907 422.514 415.378 7.73696
internal_count=11036 1047 957 9989 9939 90
is_linear=0
shrinkage=0.0710806


end of trees

feature_importances:
year_adm_t0=114
age=100
hospital_stay=62
admission_pre_t0_count=49
comorbidities_count=46
ieca_bra=45
espironolactona=35
meds_cardiovasc_qtde=34
education_level_X999=27
antiarritmico=22
education_level_.merged=15
nyha_basal_unknown=14
cied_final_group_1_X2=12
nyha_basal_.merged=10
nyha_basal_X2=6
nyha_basal_X3=4
education_level_X2=1

parameters:
[boosting: gbdt]
[objective: binary]
[metric: binary_logloss]
[tree_learner: serial]
[device_type: cpu]
[data: ]
[valid: ]
[num_iterations: 93]
[learning_rate: 0.0710806]
[num_leaves: 8]
[num_threads: 0]
[deterministic: 1]
[force_col_wise: 0]
[force_row_wise: 0]
[histogram_pool_size: -1]
[max_depth: 3]
[min_data_in_leaf: 34]
[min_sum_hessian_in_leaf: 0.001]
[bagging_fraction: 1]
[pos_bagging_fraction: 1]
[neg_bagging_fraction: 1]
[bagging_freq: 0]
[bagging_seed: 7480]
[feature_fraction: 1]
[feature_fraction_bynode: 1]
[feature_fraction_seed: 29145]
[extra_trees: 0]
[extra_seed: 4842]
[early_stopping_round: 0]
[first_metric_only: 0]
[max_delta_step: 0]
[lambda_l1: 0]
[lambda_l2: 0]
[linear_lambda: 0]
[min_gain_to_split: 0]
[drop_rate: 0.1]
[max_drop: 50]
[skip_drop: 0.5]
[xgboost_dart_mode: 0]
[uniform_drop: 0]
[drop_seed: 10246]
[top_rate: 0.2]
[other_rate: 0.1]
[min_data_per_group: 100]
[max_cat_threshold: 32]
[cat_l2: 10]
[cat_smooth: 10]
[max_cat_to_onehot: 4]
[top_k: 20]
[monotone_constraints: ]
[monotone_constraints_method: basic]
[monotone_penalty: 0]
[feature_contri: ]
[forcedsplits_filename: ]
[refit_decay_rate: 0.9]
[cegb_tradeoff: 1]
[cegb_penalty_split: 0]
[cegb_penalty_feature_lazy: ]
[cegb_penalty_feature_coupled: ]
[path_smooth: 0]
[interaction_constraints: ]
[verbosity: -1]
[saved_feature_importance_type: 0]
[linear_tree: 0]
[max_bin: 255]
[max_bin_by_feature: ]
[min_data_in_bin: 3]
[bin_construct_sample_cnt: 200000]
[data_random_seed: 9627]
[is_enable_sparse: 1]
[enable_bundle: 1]
[use_missing: 1]
[zero_as_missing: 0]
[feature_pre_filter: 0]
[pre_partition: 0]
[two_round: 0]
[header: 0]
[label_column: ]
[weight_column: ]
[group_column: ]
[ignore_column: ]
[categorical_feature: ]
[forcedbins_filename: ]
[precise_float_parser: 0]
[objective_seed: 22551]
[num_class: 1]
[is_unbalance: 0]
[scale_pos_weight: 1]
[sigmoid: 1]
[boost_from_average: 1]
[reg_sqrt: 0]
[alpha: 0.9]
[fair_c: 1]
[poisson_max_delta_step: 0.7]
[tweedie_variance_power: 1.5]
[lambdarank_truncation_level: 30]
[lambdarank_norm: 1]
[label_gain: ]
[eval_at: ]
[multi_error_top_k: 1]
[auc_mu_weights: ]
[num_machines: 1]
[local_listen_port: 12400]
[time_out: 120]
[machine_list_filename: ]
[machines: ]
[gpu_platform_id: -1]
[gpu_device_id: -1]
[gpu_use_dp: 0]
[num_gpu: 1]

end of parameters
