tree
version=v3
num_class=1
num_tree_per_iteration=1
label_index=0
max_feature_idx=9
objective=binary sigmoid:1
feature_names=hospital_stay admission_pre_t0_count vasodilatador classe_meds_qtde equipe_multiprof cied_final_1_X2 cied_final_1_X3 cied_final_1_.merged procedure_type_1_X2 procedure_type_1_.merged
feature_infos=[0:360] [0:38] [0:1278] [1:17] [0:365] [0:1] [0:1] [0:1] [0:1] none
tree_sizes=854 968 974 875 974 974 873 986 978 988 878 992 973 879 989 884 982 984 986 883 879 990 876 994 881 992 993 990 882 891 877 988 992 991 884 887 888 985 890 979 890 989 881 991 998 888 985 894 989 984 989 993 883 988 889 987 884 884 892 898 988 878 890 884 889 670 897 994 886 892 776 885 894 889 883 890 885 781 894 885 995 674 891 887 1002 677

Tree=0
num_leaves=7
num_cat=0
split_feature=0 1 2 1 8 3
split_gain=400.716 99.5474 84.1732 43.2727 30.0614 7.63839
threshold=9.5000000000000018 3.5000000000000004 56.750000000000007 3.5000000000000004 1.0000000180025095e-35 10.500000000000002
decision_type=2 2 10 2 2 8
left_child=3 2 -2 4 -1 -5
right_child=1 -3 -4 5 -6 -7
leaf_value=-2.2613319701072743 -2.2159407792252095 -2.0735678699443789 -2.1259272329512453 -2.1601044720748033 -2.2796759312133728 -2.2238684074670072
leaf_weight=458.738789498806 182.92683134973049 11.115196064114569 21.713406264781952 7.1516377776861164 262.37032569944859 6.8931448459625253
leaf_count=5324 2123 129 252 83 3045 80
internal_value=-2.25134 -2.19955 -2.20639 -2.26654 -2.26801 -2.1914
internal_weight=0 215.755 204.64 735.154 721.109 14.0448
internal_count=11036 2504 2375 8532 8369 163
is_linear=0
shrinkage=1


Tree=1
num_leaves=8
num_cat=0
split_feature=0 1 0 1 8 1 3
split_gain=355.419 83.3442 42.0885 38.67 28.8097 17.8349 4.69433
threshold=9.5000000000000018 1.5000000000000002 59.500000000000007 3.5000000000000004 1.0000000180025095e-35 3.5000000000000004 1.5000000000000002
decision_type=2 2 2 2 2 2 10
left_child=3 2 -2 4 -1 -3 -5
right_child=1 5 -4 6 -6 -7 -8
leaf_value=-0.0096377329436501159 0.030602643358383873 0.084648493314980783 0.12073015551909358 0.029724646824565822 -0.027754530870213859 0.14721577825853907 0.07851558546444494
leaf_weight=455.03985190391541 176.56929532438517 25.413039781153202 10.242214769124983 7.237715616822241 256.4031408727169 12.799034982919691 7.5041855350136757
leaf_count=5324 1979 283 113 82 3045 129 81
internal_value=0 0.0474414 0.035544 -0.0147312 -0.016167 0.105605 0.0545611
internal_weight=0 225.024 186.812 726.185 711.443 38.2121 14.7419
internal_count=11036 2504 2092 8532 8369 412 163
is_linear=0
shrinkage=0.0432243


Tree=2
num_leaves=8
num_cat=0
split_feature=0 1 2 1 8 3 3
split_gain=316.525 65.3894 38.5676 34.7076 27.5858 14.9062 3.76297
threshold=9.5000000000000018 1.5000000000000002 60.750000000000007 3.5000000000000004 1.0000000180025095e-35 7.5000000000000009 1.5000000000000002
decision_type=2 2 10 2 2 10 10
left_child=3 2 -2 4 -1 -3 -5
right_child=1 5 -4 6 -6 -7 -8
leaf_value=-0.0092952357933648467 0.026581395240484848 0.070937012565553612 0.091207366828183048 0.027755054079067747 -0.027177432303180805 0.1234766333004631 0.070525522805568425
leaf_weight=451.49240216612816 173.0394604280591 24.181781567633152 19.163737863302231 7.41225418448448 250.65672341734171 17.311869353055954 7.9818362146615982
leaf_count=5324 1898 240 194 82 3045 172 81
internal_value=0 0.0436484 0.033025 -0.0142713 -0.0156789 0.0928575 0.0499315
internal_weight=0 233.697 192.203 717.543 702.149 41.4937 15.3941
internal_count=11036 2504 2092 8532 8369 412 163
is_linear=0
shrinkage=0.0432243


Tree=3
num_leaves=7
num_cat=0
split_feature=0 1 3 1 5 3
split_gain=284.993 86.7836 40.2652 21.3807 20.5019 16.3313
threshold=7.5000000000000009 1.5000000000000002 10.500000000000002 3.5000000000000004 1.0000000180025095e-35 6.5000000000000009
decision_type=2 2 10 2 2 8
left_child=3 2 -2 4 -1 -3
right_child=1 5 -4 -5 -6 -7
leaf_value=-0.019415491299182342 0.020286784350954025 0.047641960107867976 0.099888795504688141 0.037786102986156221 0.0093936130500585028 0.10148984588969197
leaf_weight=589.86229748278856 233.63875491172075 14.751879580318926 12.507991559803484 13.510018996894358 50.069717682898045 36.707902483642101
leaf_count=7131 2549 143 126 138 602 347
internal_value=0 0.0350042 0.0243318 -0.0160254 -0.0171614 0.0860534
internal_weight=0 297.607 246.147 653.442 639.932 51.4598
internal_count=11036 3165 2675 7871 7733 490
is_linear=0
shrinkage=0.0432243


Tree=4
num_leaves=8
num_cat=0
split_feature=0 1 3 0 1 3 3
split_gain=256.879 70.9361 38.3193 21.1888 23.8268 12.4629 3.75993
threshold=7.5000000000000009 1.5000000000000002 6.5000000000000009 1.5000000000000002 3.5000000000000004 6.5000000000000009 4.5000000000000009
decision_type=2 2 8 2 2 8 10
left_child=3 2 -2 6 -5 -3 -1
right_child=1 5 -4 4 -6 -7 -8
leaf_value=-0.030946478799922007 0.0026893253571822848 0.043929861715428821 0.036993468575203088 -0.0121190340308556 0.055535437130674367 0.089871018042772394 -0.014158257359005959
leaf_weight=149.72467628866434 103.66727128624916 15.29423752427101 147.26189789175987 455.35274890810251 9.9381557554006559 39.591964684426785 29.902343541383743
leaf_count=1866 1128 143 1547 5534 98 347 373
internal_value=0 0.0325574 0.0228213 -0.015542 -0.010674 0.0770693 -0.0281518
internal_weight=0 305.815 250.929 644.918 465.291 54.8862 179.627
internal_count=11036 3165 2675 7871 5632 490 2239
is_linear=0
shrinkage=0.0432243


Tree=5
num_leaves=8
num_cat=0
split_feature=0 1 2 0 1 3 3
split_gain=232.001 58.7798 34.4043 20.3101 22.085 9.75758 3.66178
threshold=7.5000000000000009 1.5000000000000002 60.750000000000007 1.5000000000000002 2.5000000000000004 6.5000000000000009 4.5000000000000009
decision_type=2 2 10 2 2 8 10
left_child=3 2 -2 6 -5 -3 -1
right_child=1 5 -4 4 -6 -7 -8
leaf_value=-0.030393045344090489 0.016532084380148929 0.040641758711886765 0.072772337250535654 -0.012314405333337683 0.034248237759060968 0.080452945823422245 -0.013708995844565261
leaf_weight=145.94488929212093 233.21063187718391 15.805146791040896 22.262355744838715 441.32973796874285 19.889418438076973 42.25123292952776 29.555174984037876
leaf_count=1866 2474 143 201 5416 216 347 373
internal_value=0 0.0303548 0.021433 -0.0150685 -0.0103065 0.0696148 -0.0275834
internal_weight=0 313.529 255.473 636.719 461.219 58.0564 175.5
internal_count=11036 3165 2675 7871 5632 490 2239
is_linear=0
shrinkage=0.0432243


Tree=6
num_leaves=7
num_cat=0
split_feature=0 0 1 1 0 8
split_gain=210.79 42.6172 34.5787 28.3346 37.9608 19.2773
threshold=9.5000000000000018 55.500000000000007 3.5000000000000004 1.5000000000000002 2.5000000000000004 1.0000000180025095e-35
decision_type=2 2 2 2 2 2
left_child=3 2 -2 5 -5 -1
right_child=1 -3 -4 4 -6 -7
leaf_value=-0.010236657935181664 0.02368487226691985 0.096597181210007585 0.087515388595953703 -0.013250613597390472 0.05112537907509071 -0.02646366434986068
leaf_weight=412.89804259687662 226.19541326910257 18.277437105774879 17.051895216107368 41.512375086545944 29.117510847747326 204.53929278999567
leaf_count=5041 2223 158 123 506 317 2668
internal_value=0 0.0329424 0.0281595 -0.0126455 0.0132887 -0.0156122
internal_weight=0 261.525 243.247 688.067 70.6299 617.437
internal_count=11036 2504 2346 8532 823 7709
is_linear=0
shrinkage=0.0432243


Tree=7
num_leaves=8
num_cat=0
split_feature=0 3 0 5 6 4 1
split_gain=191.578 47.1374 26.7021 20.0865 21.4973 10.1221 8.54932
threshold=7.5000000000000009 6.5000000000000009 59.500000000000007 1.0000000180025095e-35 1.0000000180025095e-35 1.0000000180025095e-35 1.5000000000000002
decision_type=2 8 2 2 2 8 2
left_child=3 6 -3 4 -1 -5 -2
right_child=1 2 -4 5 -6 -7 -8
leaf_value=-0.018781327212619828 0.0010894501889573229 0.034849543448177783 0.092561276378594903 -0.00026173224422944616 0.014077286646343 0.042701037045223503 0.034186529267842145
leaf_weight=531.75919622182846 106.6093761920929 187.25349377840757 16.281004786491394 35.700754202902317 39.997990399599075 14.369738586246966 16.892164446413517
leaf_count=6766 1128 1764 130 439 491 175 143
internal_value=0 0.0266831 0.039466 -0.0141837 -0.0164827 0.0120682 0.00561637
internal_weight=0 327.036 203.534 621.828 571.757 50.0705 123.502
internal_count=11036 3165 1894 7871 7257 614 1271
is_linear=0
shrinkage=0.0432243


Tree=8
num_leaves=8
num_cat=0
split_feature=0 1 3 0 1 3 3
split_gain=173.757 41.0934 25.8527 18.8858 18.6969 7.2924 3.67903
threshold=7.5000000000000009 1.5000000000000002 6.5000000000000009 1.5000000000000002 2.5000000000000004 6.5000000000000009 4.5000000000000009
decision_type=2 2 8 2 2 8 10
left_child=3 2 -2 6 -5 -3 -1
right_child=1 5 -4 4 -6 -7 -8
leaf_value=-0.029110670786866178 0.001041447195922417 0.031899071346483322 0.028440309985180223 -0.011064902096658061 0.031075746925422636 0.064671763949316577 -0.011996888265826537
leaf_weight=137.69354619085789 106.70083824545145 17.311290740966797 162.07850216329098 427.97631242126226 20.618491053581238 47.471543833613396 28.291235782206059
leaf_count=1866 1128 143 1547 5416 216 347 373
internal_value=0 0.0250117 0.0175634 -0.0137371 -0.00912802 0.0559142 -0.0261937
internal_weight=0 333.562 268.779 614.58 448.595 64.7828 165.985
internal_count=11036 3165 2675 7871 5632 490 2239
is_linear=0
shrinkage=0.0432243


Tree=9
num_leaves=8
num_cat=0
split_feature=0 3 1 5 6 4 1
split_gain=157.803 35.5819 21.7155 18.7565 19.9555 8.86559 6.75552
threshold=7.5000000000000009 6.5000000000000009 1.5000000000000002 1.0000000180025095e-35 1.0000000180025095e-35 1.0000000180025095e-35 1.5000000000000002
decision_type=2 8 2 2 2 8 2
left_child=3 6 -3 4 -1 -5 -2
right_child=1 2 -4 5 -6 -7 -8
leaf_value=-0.017856220760641535 0.00099559653891458338 0.026619269642747075 0.059238683181357173 0.00028267254079388822 0.013767422455445853 0.040172003753196163 0.029822479548329856
leaf_weight=517.30278977751732 106.78832148760557 165.60026646405458 49.536679908633232 35.329801075160503 40.177245512604713 14.7586612701416 17.707199275493622
leaf_count=6766 1128 1547 347 439 491 175 143
internal_value=0 0.0234873 0.0341301 -0.0133007 -0.0155771 0.0120361 0.00509569
internal_weight=0 339.632 215.137 607.568 557.48 50.0885 124.496
internal_count=11036 3165 1894 7871 7257 614 1271
is_linear=0
shrinkage=0.0432243


Tree=10
num_leaves=7
num_cat=0
split_feature=0 0 7 1 0 8
split_gain=143.848 26.7001 25.9527 24.5035 29.2117 17.6755
threshold=9.5000000000000018 55.500000000000007 1.0000000180025095e-35 1.5000000000000002 2.5000000000000004 1.0000000180025095e-35
decision_type=2 2 2 2 2 2
left_child=3 2 -2 5 -5 -1
right_child=1 -3 -4 4 -6 -7
leaf_value=-0.0088474485700494182 0.018230286207870351 0.071756002034814151 0.073316367054477 -0.011636637790531175 0.044270664013092612 -0.024809222047685615
leaf_weight=399.62503278255463 245.07252889871597 21.659666448831558 17.093778945505619 39.84897817671299 31.080251052975655 191.84125702083111
leaf_count=5041 2203 158 143 506 317 2668
internal_value=0 0.0256326 0.021822 -0.0111457 0.0128612 -0.0140246
internal_weight=0 283.826 262.166 662.396 70.9292 591.466
internal_count=11036 2504 2346 8532 823 7709
is_linear=0
shrinkage=0.0432243


Tree=11
num_leaves=8
num_cat=0
split_feature=0 3 1 5 6 4 2
split_gain=131.294 29.2006 17.5765 17.4887 18.3618 7.77114 5.75624
threshold=7.5000000000000009 6.5000000000000009 1.5000000000000002 1.0000000180025095e-35 1.0000000180025095e-35 1.0000000180025095e-35 18.250000000000004
decision_type=2 8 2 2 2 8 10
left_child=3 6 -3 4 -1 -5 -2
right_child=1 2 -4 5 -6 -7 -8
leaf_value=-0.016980318353753895 0.00069814205972077565 0.023540845044236789 0.052124347485888428 0.00075464258229817455 0.013283534502365579 0.037819556410586291 0.028321489405342876
leaf_weight=504.18914498388767 110.03301803022623 171.79329853504896 52.469802439212799 35.014210470020771 40.462125025689602 15.137608744204043 16.164835125207901
leaf_count=6766 1115 1547 347 439 491 175 156
internal_value=0 0.0208689 0.0302284 -0.0124829 -0.014732 0.0119422 0.00423645
internal_weight=0 350.461 224.263 594.803 544.651 50.1518 126.198
internal_count=11036 3165 1894 7871 7257 614 1271
is_linear=0
shrinkage=0.0432243


Tree=12
num_leaves=8
num_cat=0
split_feature=0 1 2 0 1 1 3
split_gain=119.55 25.7699 21.7514 17.4334 16.3081 5.98502 3.70149
threshold=7.5000000000000009 1.5000000000000002 57.250000000000007 1.5000000000000002 3.5000000000000004 3.5000000000000004 4.5000000000000009
decision_type=2 2 10 2 2 2 10
left_child=3 2 -2 6 -5 -3 -1
right_child=1 5 -4 4 -6 -7 -8
leaf_value=-0.027544395988525771 0.0098298350321588072 0.033661193688219779 0.050194429160955914 -0.0089750995621333332 0.0442455690927991 0.059790424757043971 -0.0099028675759363222
leaf_weight=128.53480965644121 255.31484038382769 47.684967845678329 27.643261559307575 422.17109343409538 11.038458950817583 24.946687683463097 26.865258030593395
leaf_count=1866 2465 336 210 5534 98 154 373
internal_value=0 0.0196686 0.0137732 -0.0120744 -0.007619 0.0426358 -0.0244946
internal_weight=0 355.59 282.958 588.61 433.21 72.6317 155.4
internal_count=11036 3165 2675 7871 5632 490 2239
is_linear=0
shrinkage=0.0432243


Tree=13
num_leaves=7
num_cat=0
split_feature=0 1 0 0 7 8
split_gain=109.361 21.5681 23.536 21.1082 20.4345 16.2391
threshold=9.5000000000000018 1.5000000000000002 2.5000000000000004 55.500000000000007 1.0000000180025095e-35 1.0000000180025095e-35
decision_type=2 2 2 2 2 2
left_child=1 5 -3 4 -2 -1
right_child=3 2 -4 -5 -6 -7
leaf_value=-0.0079304209292103255 0.014999216903587544 -0.010490097533736491 0.039344667332235468 0.060886727971897918 0.061864219586012598 -0.023533346853890705
leaf_weight=391.23679868876934 255.39800445735455 38.720103845000267 32.625076398253441 23.48584009706974 18.652441278100014 182.8808227404952
leaf_count=5041 2203 506 317 158 143 2668
internal_value=0 -0.0101153 0.0122986 0.0215593 0.0181889 -0.0129006
internal_weight=0 645.463 71.3452 297.536 274.05 574.118
internal_count=11036 8532 823 2504 2346 7709
is_linear=0
shrinkage=0.0432243


Tree=14
num_leaves=8
num_cat=0
split_feature=0 3 5 6 3 3 2
split_gain=99.8288 23.4801 16.3226 16.7435 14.3176 6.87435 4.75577
threshold=7.5000000000000009 6.5000000000000009 1.0000000180025095e-35 1.0000000180025095e-35 11.500000000000002 6.5000000000000009 18.250000000000004
decision_type=2 8 2 2 10 10 10
left_child=2 6 3 -1 -3 -4 -2
right_child=1 4 5 -5 -6 -7 -8
leaf_value=-0.015765401343993027 -0.00045451949124220226 0.023366704545484195 0.0049852836022934973 0.013153077167076754 0.074325867975485058 0.047393344924814215 0.024085456554210401
leaf_weight=486.82722883671522 112.21297073364258 224.71890168637037 41.187743961811066 40.520279072225094 10.795978784561155 8.6395403668284398 16.988402761518955
leaf_count=6766 1115 1823 510 491 71 104 156
internal_value=0 0.0175795 -0.011309 -0.0135434 0.0257027 0.0123384 0.00277219
internal_weight=0 364.716 577.175 527.348 235.515 49.8273 129.201
internal_count=11036 3165 7871 7257 1894 614 1271
is_linear=0
shrinkage=0.0432243


Tree=15
num_leaves=7
num_cat=0
split_feature=0 1 7 8 1 5
split_gain=91.051 22.4128 21.5925 16.1518 14.0347 9.48495
threshold=7.5000000000000009 5.5000000000000009 1.0000000180025095e-35 1.0000000180025095e-35 1.5000000000000002 1.0000000180025095e-35
decision_type=2 2 2 2 2 2
left_child=3 2 -2 4 -1 -5
right_child=1 -3 -4 5 -6 -7
leaf_value=-0.007834538606218527 0.012083655999941965 0.07983528817947215 0.055945999503804703 -0.022990974122935718 0.024773019228660188 0.014870270350989225
leaf_weight=338.15776795148849 336.59478683769703 10.186464756727217 22.361980579793453 193.72275761514902 26.601777918636799 13.205050446093081
leaf_count=4515 2942 59 164 2891 294 171
internal_value=0 0.0166104 0.0148162 -0.0109287 -0.00545648 -0.0205749
internal_weight=0 369.143 358.957 571.687 364.76 206.928
internal_count=11036 3165 3106 7871 4809 3062
is_linear=0
shrinkage=0.0432243


Tree=16
num_leaves=8
num_cat=0
split_feature=0 1 0 2 1 8 0
split_gain=83.6969 19.0582 19.3917 18.0853 18.4617 14.5488 12.468
threshold=9.5000000000000018 1.5000000000000002 2.5000000000000004 60.750000000000007 3.5000000000000004 1.0000000180025095e-35 28.500000000000004
decision_type=2 2 2 10 2 2 2
left_child=1 5 -3 4 -2 -1 -5
right_child=3 2 -4 6 -6 -7 -8
leaf_value=-0.0071561456158688048 0.011110914556680639 -0.0094842741111208859 0.035534241238614248 0.019124434192528249 0.055374044838181716 -0.022211762697594048 0.06721894925461594
leaf_weight=384.35987919569016 249.86263218522072 37.782573439180851 33.931585818529129 18.581431612372398 18.939763322472572 174.29929938167334 21.987749993801117
leaf_count=5041 2133 506 317 127 107 2668 137
internal_value=0 -0.00916066 0.0118163 0.0182897 0.0142297 -0.0118534 0.0451908
internal_weight=0 630.373 71.7142 309.372 268.802 558.659 40.5692
internal_count=11036 8532 823 2504 2240 7709 264
is_linear=0
shrinkage=0.0432243


Tree=17
num_leaves=8
num_cat=0
split_feature=0 0 1 3 2 1 3
split_gain=76.2112 18.0502 22.7345 16.5211 12.2017 8.52663 3.79709
threshold=9.5000000000000018 1.5000000000000002 1.5000000000000002 7.5000000000000009 34.250000000000007 3.5000000000000004 4.5000000000000009
decision_type=2 2 2 8 10 2 10
left_child=1 6 -3 5 -5 -2 -1
right_child=3 2 -4 4 -6 -7 -8
leaf_value=-0.025550628714015661 0.0026161988664383071 -0.0081846360154419553 0.0214698629273322 0.019795943250679914 0.046836357612566638 0.044207755666230128 -0.0070419079736932415
leaf_weight=118.19337970763445 122.99697249382734 427.6391831189394 54.451778404414654 139.95752854645252 40.114269450306892 9.9545721858739835 25.107963562011719
leaf_count=1866 1104 5732 561 1086 256 58 373
internal_value=0 -0.00883881 -0.00483518 0.0172871 0.0258197 0.00573031 -0.0223077
internal_weight=0 625.392 482.091 313.023 180.072 132.952 143.301
internal_count=11036 8532 6293 2504 1342 1162 2239
is_linear=0
shrinkage=0.0432243


Tree=18
num_leaves=8
num_cat=0
split_feature=0 3 5 6 1 4 2
split_gain=70.0804 17.807 14.6151 14.9766 13.559 6.79065 2.26393
threshold=7.5000000000000009 5.5000000000000009 1.0000000180025095e-35 1.0000000180025095e-35 1.0000000180025095e-35 1.5000000000000002 17.500000000000004
decision_type=2 8 2 2 2 8 10
left_child=2 6 3 -1 -3 -4 -2
right_child=1 4 5 -5 -6 -7 -8
leaf_value=-0.014269338604663626 -0.0043290120753694426 0.01139290529051167 0.0045689178665460021 0.013132254678998277 0.03039939736746923 0.044749488807415375 0.018612372860541362
leaf_weight=466.75112760812044 84.959813006222248 163.65051919221878 39.91608452796936 40.500024229288101 122.70832498371601 9.7847872599959356 8.8763917833566648
leaf_count=6766 839 1385 503 491 858 111 83
internal_value=0 0.0141825 -0.00988978 -0.0120815 0.0195374 0.0124794 -0.00215888
internal_weight=0 380.195 556.952 507.251 286.359 49.7009 93.8362
internal_count=11036 3165 7871 7257 2243 614 922
is_linear=0
shrinkage=0.0432243


Tree=19
num_leaves=7
num_cat=0
split_feature=0 0 1 8 3 5
split_gain=64.03 16.7331 17.9777 14.1705 12.0607 8.58916
threshold=7.5000000000000009 55.500000000000007 5.5000000000000009 1.0000000180025095e-35 5.5000000000000009 1.0000000180025095e-35
decision_type=2 2 2 2 8 2
left_child=3 2 -2 4 -1 -5
right_child=1 -3 -4 5 -6 -7
leaf_value=-0.01158518578103716 0.0092873285530916116 0.046777815933584946 0.065978107625155463 -0.021328571276280434 0.0043995226900469574 0.014755402690457969
leaf_weight=196.65134969353676 346.72868123650551 26.208121448755264 10.776016816496847 182.50269252061844 159.89692038297653 13.217345148324965
leaf_count=2703 2950 158 57 2891 2106 171
internal_value=0 0.0134401 0.0109961 -0.00954657 -0.00441672 -0.0188918
internal_weight=0 383.713 357.505 552.268 356.548 195.72
internal_count=11036 3165 3007 7871 4809 3062
is_linear=0
shrinkage=0.0432243


Tree=20
num_leaves=7
num_cat=0
split_feature=0 8 1 1 0 1
split_gain=58.6338 16.2251 21.2062 14.4957 14.5561 9.66738
threshold=9.5000000000000018 1.0000000180025095e-35 1.5000000000000002 5.5000000000000009 55.500000000000007 2.5000000000000004
decision_type=2 2 2 2 2 2
left_child=1 2 -1 4 -2 -3
right_child=3 5 -4 -5 -6 -7
leaf_value=-0.0061724649797326413 0.010286922280511489 -0.021003809370803834 0.028028101033493694 0.065102540811196694 0.043805546247980789 0.013204545076160437
leaf_weight=375.94679463654757 285.6025263518095 182.36533178389072 37.227007299661636 10.358392253518103 26.447911322116852 16.861932694911957
leaf_count=5041 2296 2933 359 52 156 199
internal_value=0 -0.00797652 -0.00309099 0.0147977 0.0131278 -0.0181085
internal_weight=0 612.401 413.174 322.409 312.05 199.227
internal_count=11036 8532 5400 2504 2452 3132
is_linear=0
shrinkage=0.0432243


Tree=21
num_leaves=8
num_cat=0
split_feature=0 1 3 4 0 8 3
split_gain=53.9376 20.6224 13.9876 13.3779 12.9787 10.2271 2.02737
threshold=6.5000000000000009 1.0000000180025095e-35 4.5000000000000009 2.5000000000000004 11.500000000000002 1.0000000180025095e-35 5.5000000000000009
decision_type=2 2 8 10 2 2 8
left_child=3 4 -3 5 -2 -1 -5
right_child=1 2 -4 6 -6 -7 -8
leaf_value=-0.0060204894493199514 -0.0082551268637137479 -0.0099916913234547843 0.028163380666722096 0.015190123731196263 0.011521048690487085 -0.01887174890181896 0.04705287881414514
leaf_weight=311.92882081866264 102.23219349980354 20.54035709053278 142.41411678865552 7.6466225944459412 157.55724593251944 183.90918378904462 7.2859878130257139
leaf_count=4255 1120 192 1001 106 1293 2981 88
internal_value=0 0.0112998 0.0233539 -0.00957313 0.00373874 -0.0107871 0.0307367
internal_weight=0 422.744 162.954 510.771 259.789 495.838 14.9326
internal_count=11036 3606 1193 7430 2413 7236 194
is_linear=0
shrinkage=0.0432243


Tree=22
num_leaves=7
num_cat=0
split_feature=0 1 3 4 3 3
split_gain=49.3753 19.2062 18.9873 12.1374 9.67249 1.71877
threshold=6.5000000000000009 5.5000000000000009 6.5000000000000009 2.5000000000000004 3.5000000000000004 5.5000000000000009
decision_type=2 2 8 10 8 8
left_child=3 2 -2 4 -1 -5
right_child=1 -3 -4 5 -6 -7
leaf_value=-0.019973268259164203 -0.0030086030546747217 0.063450500270843216 0.016204663914460946 0.014345329046650829 -0.0065691932958927019 0.043311368520332745
leaf_weight=141.11601393669844 152.07124699652195 12.531174458563326 261.08976344764233 7.7447055354714367 350.17020927369595 7.5666993781924257
leaf_count=2126 1542 63 2001 106 5110 88
internal_value=0 0.0107318 0.00913288 -0.00923822 -0.0104194 0.02866
internal_weight=0 425.692 413.161 506.598 491.286 15.3114
internal_count=11036 3606 3543 7430 7236 194
is_linear=0
shrinkage=0.0432243


Tree=23
num_leaves=8
num_cat=0
split_feature=0 1 3 8 0 4 3
split_gain=45.2086 17.7046 11.8595 11.802 11.4876 8.12383 8.06897
threshold=6.5000000000000009 1.0000000180025095e-35 4.5000000000000009 1.0000000180025095e-35 11.500000000000002 2.5000000000000004 3.5000000000000004
decision_type=2 2 8 2 2 10 8
left_child=3 4 -3 5 -2 -1 -5
right_child=1 2 -4 6 -6 -7 -8
leaf_value=-0.0053748151714852971 -0.0081470033375399577 -0.0096686231358612765 0.025520986139132142 -0.034053344168794158 0.010418542710409111 0.02882867350160679 -0.012636143386203816
leaf_weight=307.55057626217604 101.97064395993948 20.388886854052544 146.19916728883982 43.099198646843433 159.93229337781668 13.545490249991415 138.4246040135622
leaf_count=4255 1120 192 1001 748 1293 165 2262
internal_value=0 0.0101975 0.0212141 -0.00891201 0.00319014 -0.00393194 -0.0177212
internal_weight=0 428.491 166.588 502.62 261.903 321.096 181.524
internal_count=11036 3606 1193 7430 2413 4420 3010
is_linear=0
shrinkage=0.0432243


Tree=24
num_leaves=7
num_cat=0
split_feature=0 1 2 0 4 2
split_gain=41.401 16.4581 16.681 11.2308 8.60507 3.8753
threshold=6.5000000000000009 5.5000000000000009 30.500000000000004 1.5000000000000002 2.5000000000000004 0.75000000000000011
decision_type=2 2 10 2 10 10
left_child=3 2 -2 5 -5 -1
right_child=1 -3 -4 4 -6 -7
leaf_value=-0.022034106690718154 0.0045361243755222902 0.057636414472888683 0.028516739101687175 -0.0061361720281957249 0.026583989595327012 0.0026206660045032561
leaf_weight=116.75760212913156 354.15062567219138 12.975240901112555 63.986457969993353 353.07055188715458 15.683963336050509 13.26451303437352
leaf_count=2020 3124 63 419 5001 190 219
internal_value=0 0.00969354 0.00820582 -0.00859593 -0.00474451 -0.0195189
internal_weight=0 431.112 418.137 498.777 368.755 130.022
internal_count=11036 3606 3543 7430 5191 2239
is_linear=0
shrinkage=0.0432243


Tree=25
num_leaves=8
num_cat=0
split_feature=3 0 3 3 6 2 4
split_gain=38.3268 22.6325 19.6611 11.7654 10.5244 8.81169 2.44089
threshold=7.5000000000000009 2.5000000000000004 5.5000000000000009 3.5000000000000004 1.0000000180025095e-35 31.250000000000004 4.5000000000000009
decision_type=10 2 8 10 2 10 10
left_child=1 3 -3 -1 5 -2 -6
right_child=4 2 -4 -5 6 -7 -8
leaf_value=-0.019574785318894394 0.018053734647103668 -0.0081660330812438307 0.0093435163781591356 -0.0011430706934130619 -0.0099196039195136917 0.043795031393762764 0.012933101191527683
leaf_weight=195.28340144082904 76.046819485723972 211.64141044765711 276.1523400247097 96.765736158937216 20.952896684408188 36.902685005217791 14.972084634006022
leaf_count=3172 602 2584 2719 1441 194 216 108
internal_value=0 -0.00395115 0.00174656 -0.0134677 0.0199824 0.0264639 -0.000395517
internal_weight=0 779.843 487.794 292.049 148.874 112.95 35.925
internal_count=11036 9916 5303 4613 1120 818 302
is_linear=0
shrinkage=0.0432243


Tree=26
num_leaves=8
num_cat=0
split_feature=0 1 8 0 3 3 3
split_gain=34.9389 14.8472 10.4928 9.76663 9.69473 7.81228 6.56564
threshold=6.5000000000000009 1.0000000180025095e-35 1.0000000180025095e-35 11.500000000000002 4.5000000000000009 3.5000000000000004 5.5000000000000009
decision_type=2 2 2 2 8 8 8
left_child=2 3 6 -2 -3 -4 -1
right_child=1 4 5 -5 -6 -7 -8
leaf_value=-0.0090389633603868511 -0.0081099387387024262 -0.0093525615229088088 -0.03312648965596212 0.0089498759482589292 0.022508289814319613 -0.011486629402486671 0.003447648879155231
leaf_weight=171.80951349809766 101.8535768315196 20.241514213383198 40.5950070284307 163.09235667437315 150.60844394564629 134.23869154602289 145.13998287171125
leaf_count=2477 1120 192 748 1293 1001 2262 1943
internal_value=0 0.00879829 -0.00801025 0.00239154 0.0187336 -0.0165112 -0.003321
internal_weight=0 435.796 491.783 264.946 170.85 174.834 316.949
internal_count=11036 3606 7430 2413 1193 3010 4420
is_linear=0
shrinkage=0.0432243


Tree=27
num_leaves=8
num_cat=0
split_feature=3 0 3 3 6 2 4
split_gain=32.6003 19.7218 16.8208 11.012 9.22083 7.55485 2.19137
threshold=7.5000000000000009 2.5000000000000004 5.5000000000000009 3.5000000000000004 1.0000000180025095e-35 31.250000000000004 4.5000000000000009
decision_type=10 2 8 10 2 10 10
left_child=1 3 -3 -1 5 -2 -6
right_child=4 2 -4 -5 6 -7 -8
leaf_value=-0.018742144083867721 0.01643073143261593 -0.0076857221758919216 0.0085205457793934361 -0.0007853402648353721 -0.0099183246946776289 0.03995094717269447 0.011646446284401094
leaf_weight=190.01447153091431 77.490470003336668 209.33559877052903 279.31030301749706 96.064874496310949 20.925191305577755 38.040988605469465 15.198793187737463
leaf_count=3172 602 2584 2719 1441 194 216 108
internal_value=0 -0.00369904 0.00157779 -0.0127123 0.0182154 0.0241752 -0.00084517
internal_weight=0 774.725 488.646 286.079 151.655 115.531 36.124
internal_count=11036 9916 5303 4613 1120 818 302
is_linear=0
shrinkage=0.0432243


Tree=28
num_leaves=7
num_cat=0
split_feature=3 1 0 6 2 3
split_gain=29.5977 18.3261 17.5864 8.23673 6.66182 2.10122
threshold=7.5000000000000009 6.5000000000000009 2.5000000000000004 1.0000000180025095e-35 31.250000000000004 8.5000000000000018
decision_type=10 2 2 2 10 10
left_child=1 2 -1 4 -2 -5
right_child=3 -3 -4 5 -6 -7
leaf_value=-0.012769151326177074 0.01555047893793708 0.066470408161589334 0.00081687532229582794 0.012650957960411168 0.037451148002644319 -0.0088917066205667535
leaf_weight=281.80733873322606 78.318923976272345 6.9202122911810866 483.30195997282863 13.536851227283476 38.80839254707098 22.551811173558235
leaf_count=4601 602 43 5272 125 216 177
internal_value=0 -0.00355382 -0.00418717 0.0172439 0.0228069 -0.000811057
internal_weight=0 772.03 765.109 153.216 117.127 36.0887
internal_count=11036 9916 9873 1120 818 302
is_linear=0
shrinkage=0.0432243


Tree=29
num_leaves=7
num_cat=0
split_feature=0 1 7 5 8 3
split_gain=27.3386 13.0727 13.7914 9.63693 10.1876 4.04381
threshold=6.5000000000000009 5.5000000000000009 1.0000000180025095e-35 1.0000000180025095e-35 1.0000000180025095e-35 6.5000000000000009
decision_type=2 2 2 2 2 10
left_child=3 2 -2 4 -1 -5
right_child=1 -3 -4 5 -6 -7
leaf_value=-0.0042397882929896061 0.0043289974539615214 0.049396492378609901 0.036292772831851193 0.0055629244518773388 -0.017987056077289502 0.038679291887895206
leaf_weight=279.96333432197571 401.08587386086583 13.592486828565596 26.912403412163258 36.835913497954607 157.30467756465077 8.4738835394382459
leaf_count=4005 3370 63 173 485 2842 98
internal_value=0 0.00766422 0.00633887 -0.00721905 -0.00918529 0.0117564
internal_weight=0 441.591 427.998 482.578 437.268 45.3098
internal_count=11036 3606 3543 7430 6847 583
is_linear=0
shrinkage=0.0432243


Tree=30
num_leaves=7
num_cat=0
split_feature=3 0 1 0 4 3
split_gain=25.7517 15.5085 12.6602 7.88176 7.52213 3.0192
threshold=6.5000000000000009 1.5000000000000002 3.5000000000000004 62.500000000000007 22.500000000000004 2.5000000000000004
decision_type=10 2 2 2 10 8
left_child=1 5 -3 4 -2 -1
right_child=3 2 -4 -5 -6 -7
leaf_value=-0.031377919670093318 0.013110145390336994 -0.0027356594339189647 0.027761559312391632 0.039955268917823278 -0.013391792733498572 -0.014840616068470832
leaf_weight=26.963157389312983 183.99498982354999 557.16181211173534 26.648180022835732 18.126782104372978 22.451396033167839 87.761920154094696
leaf_count=515 1525 6946 170 93 150 1637
internal_value=0 -0.00419864 -0.0013436 0.0126275 0.010228 -0.0187273
internal_weight=0 698.535 583.81 224.573 206.446 114.725
internal_count=11036 9268 7116 1768 1675 2152
is_linear=0
shrinkage=0.0432243


Tree=31
num_leaves=8
num_cat=0
split_feature=3 0 1 6 2 3 4
split_gain=23.7506 15.2551 14.3465 7.05763 5.63743 3.18033 2.01871
threshold=7.5000000000000009 1.5000000000000002 1.5000000000000002 1.0000000180025095e-35 31.250000000000004 2.5000000000000004 4.5000000000000009
decision_type=10 2 2 2 10 8 10
left_child=1 5 -3 4 -2 -1 -5
right_child=3 2 -4 6 -6 -7 -8
leaf_value=-0.030890184454491407 0.013678599524898768 -0.0032441059615834732 0.015286235767900299 -0.010147217817978147 0.033551636724990092 -0.01379064345598132 0.01045227274785568
leaf_weight=26.221372187137604 80.061462309211493 558.37039461359382 90.748285684734583 20.996565721929073 39.990212716162205 90.320807985961437 15.412811972200869
leaf_count=515 602 6956 749 194 216 1696 108
internal_value=0 -0.00323874 -0.000653522 0.0152428 0.0202985 -0.0176379 -0.00142704
internal_weight=0 765.661 649.119 156.461 120.052 116.542 36.4094
internal_count=11036 9916 7705 1120 818 2211 302
is_linear=0
shrinkage=0.0432243


Tree=32
num_leaves=8
num_cat=0
split_feature=3 0 1 3 3 5 8
split_gain=22.4208 17.0503 12.492 8.81571 5.16273 3.5684 2.41082
threshold=4.5000000000000009 2.5000000000000004 1.5000000000000002 8.5000000000000018 1.5000000000000002 1.0000000180025095e-35 1.0000000180025095e-35
decision_type=8 2 2 8 10 2 2
left_child=4 3 -3 -2 6 -6 -1
right_child=1 2 -4 -5 5 -7 -8
leaf_value=-0.017449900766706862 0.0045135784701463219 0.0047324947504697725 0.02180649741275021 -0.015359891925053841 -0.0098509290683148325 0.010311225411198851 -0.039438954340193552
leaf_weight=28.087010253220797 69.088592909276485 386.47665401175618 100.97872836887836 105.2079717181623 199.36815791577101 17.870536714792252 13.938488986343144
leaf_count=426 1019 3761 612 1825 2887 218 288
internal_value=0 0.00412064 0.00826946 -0.00748234 -0.0108751 -0.00819235 -0.024743
internal_weight=0 661.752 487.455 174.297 259.264 217.239 42.0255
internal_count=11036 7217 4373 2844 3819 3105 714
is_linear=0
shrinkage=0.0432243


Tree=33
num_leaves=8
num_cat=0
split_feature=3 0 1 3 3 2 8
split_gain=20.6586 15.5715 11.2364 8.20384 4.91874 3.60062 2.38179
threshold=4.5000000000000009 2.5000000000000004 1.5000000000000002 8.5000000000000018 1.5000000000000002 17.500000000000004 1.0000000180025095e-35
decision_type=8 2 2 8 10 10 2
left_child=4 3 -3 -2 6 -6 -1
right_child=1 2 -4 -5 5 -7 -8
leaf_value=-0.016951829718594165 0.0043016146336939858 0.0045119815555033586 0.020628328927952855 -0.014898982114592797 -0.0088199672051318765 0.025779570519999458 -0.039123028118756745
leaf_weight=27.671795025467873 69.353506650775671 387.81295861303806 102.1062403768301 103.80572447553277 209.97821233421564 5.7739679291844359 13.454300820827482
leaf_count=426 1019 3761 612 1825 3043 62 288
internal_value=0 0.0039329 0.00787086 -0.00720878 -0.0105054 -0.00789401 -0.0242051
internal_weight=0 663.078 489.919 173.159 256.878 215.752 41.1261
internal_count=11036 7217 4373 2844 3819 3105 714
is_linear=0
shrinkage=0.0432243


Tree=34
num_leaves=7
num_cat=0
split_feature=3 1 8 6 3 3
split_gain=19.3283 13.602 13.3921 6.26818 5.20544 1.92487
threshold=7.5000000000000009 6.5000000000000009 1.0000000180025095e-35 1.0000000180025095e-35 11.500000000000002 8.5000000000000018
decision_type=10 2 2 2 10 10
left_child=1 2 -1 4 -2 -5
right_child=3 -3 -4 5 -6 -7
leaf_value=-0.00020922762008225327 0.015283027736000307 0.055352213552409275 -0.013526676060737319 0.010625840585173428 0.044621843814129286 -0.0097885027966354635
leaf_weight=564.3331100679934 109.78609740361571 7.3997537344694129 188.10361272841692 13.88046709448099 12.594916522502897 22.811566833406687
leaf_count=6650 754 43 3223 125 64 177
internal_value=0 -0.00296498 -0.00353849 0.0136043 0.0183024 -0.00206583
internal_weight=0 759.836 752.437 159.073 122.381 36.692
internal_count=11036 9916 9873 1120 818 302
is_linear=0
shrinkage=0.0432243


Tree=35
num_leaves=7
num_cat=0
split_feature=3 1 2 8 5 3
split_gain=18.8812 13.4678 12.1856 8.07922 1.70116 0.708928
threshold=3.5000000000000004 6.5000000000000009 30.500000000000004 1.0000000180025095e-35 1.0000000180025095e-35 1.5000000000000002
decision_type=8 2 10 2 2 10
left_child=3 2 -2 4 -1 -5
right_child=1 -3 -4 5 -6 -7
leaf_value=-0.0093700610989695 0.00035751637265701413 0.053341098615641562 0.019012193883218453 -0.038692649947772891 0.0092980800078462031 -0.026294418476731116
leaf_weight=120.50022134184837 666.28624530509114 9.7436146736145002 72.545902296900749 12.831080969423054 9.8668732754886133 26.234044354408979
leaf_count=1731 7896 50 441 288 122 508
internal_value=0 0.00285502 0.00218922 -0.013124 -0.00795716 -0.0303667
internal_weight=0 748.576 738.832 169.432 130.367 39.0651
internal_count=11036 8387 8337 2649 1853 796
is_linear=0
shrinkage=0.0432243


Tree=36
num_leaves=7
num_cat=0
split_feature=3 0 1 5 1 2
split_gain=17.4569 16.6288 9.59409 7.62459 7.41107 7.00679
threshold=5.5000000000000009 2.5000000000000004 3.5000000000000004 1.0000000180025095e-35 1.0000000180025095e-35 31.250000000000004
decision_type=8 2 2 2 2 10
left_child=2 3 5 -2 -3 -1
right_child=1 4 -4 -5 -6 -7
leaf_value=-0.0099723629686089051 -0.012035668187370136 0.0040329052408389684 0.034572637874710592 0.01884405052923201 0.015525232173555531 0.037502293427583835
leaf_weight=323.64184181392193 125.30074297636747 260.02452446892858 9.6647345051169378 16.961406383663416 175.66410357132554 5.914486162364482
leaf_count=4805 2181 2489 67 217 1223 54
internal_value=0 0.00447689 -0.00787549 -0.00835399 0.00866647 -0.00912034
internal_weight=0 577.951 339.221 142.262 435.689 329.556
internal_count=11036 6110 4926 2398 3712 4859
is_linear=0
shrinkage=0.0432243


Tree=37
num_leaves=8
num_cat=0
split_feature=3 1 0 8 4 4 3
split_gain=16.5045 11.7206 12.0733 7.82629 4.35057 1.58989 0.71373
threshold=3.5000000000000004 3.5000000000000004 58.500000000000007 1.0000000180025095e-35 3.5000000000000004 4.5000000000000009 1.5000000000000002
decision_type=8 2 2 2 8 10 10
left_child=3 2 -2 5 -3 -1 -5
right_child=1 4 -4 6 -6 -7 -8
leaf_value=-0.0084086725725516457 0.00016092605625318327 0.036533444822456351 0.03004878643824058 -0.038285130362477812 0.0096458596794452931 0.014138222440314169 -0.025595163265262101
leaf_weight=122.35591094940901 678.48756716027856 24.091337941586971 26.228035435080528 12.277971327304838 21.082773305475712 6.1362363472580901 25.435315597802401
leaf_count=1790 7984 143 135 288 125 63 508
internal_value=0 0.00264147 0.00127329 -0.0124134 0.023985 -0.00733193 -0.0297265
internal_weight=0 749.89 704.716 166.205 45.1741 128.492 37.7133
internal_count=11036 8387 8119 2649 268 1853 796
is_linear=0
shrinkage=0.0432243


Tree=38
num_leaves=7
num_cat=0
split_feature=3 1 0 8 5 3
split_gain=15.2511 11.1111 10.7215 7.50001 1.5884 0.714656
threshold=3.5000000000000004 6.5000000000000009 29.500000000000004 1.0000000180025095e-35 1.0000000180025095e-35 1.5000000000000002
decision_type=8 2 2 2 2 10
left_child=3 2 -2 4 -1 -5
right_child=1 -3 -4 5 -6 -7
leaf_value=-0.0084510567229179392 -3.5591172089657591e-07 0.047688922231511534 0.016057040510906454 -0.037957328345949053 0.0096509136118125456 -0.025061700387984862
leaf_weight=117.88229420408607 652.57783174514771 10.040432773530481 88.188261151313782 11.857918519526718 9.8102961964905244 24.866500593721867
leaf_count=1731 7800 50 537 288 122 508
internal_value=0 0.00252346 0.00191128 -0.0120112 -0.00706033 -0.0292256
internal_weight=0 750.807 740.766 164.417 127.693 36.7244
internal_count=11036 8387 8337 2649 1853 796
is_linear=0
shrinkage=0.0432243


Tree=39
num_leaves=8
num_cat=0
split_feature=0 7 3 4 5 3 3
split_gain=14.5005 9.2706 9.32817 7.97 6.50647 2.01862 0.678864
threshold=6.5000000000000009 1.0000000180025095e-35 11.500000000000002 2.5000000000000004 1.0000000180025095e-35 7.5000000000000009 4.5000000000000009
decision_type=2 2 10 10 2 10 10
left_child=3 2 -2 4 -1 -3 -5
right_child=1 5 -4 6 -6 -7 -8
leaf_value=-0.0082521209285035865 0.002686091972281872 0.041647943889105789 0.04119188135237823 0.034705929773388357 0.0093647218954977136 0.018838005280882329 0.016759873100459892
leaf_weight=403.19981020689011 410.21181642264128 12.958325795829298 12.101152762770651 6.8669335730373886 43.383834339678288 16.451633058488369 9.233967259526251
leaf_count=6674 3367 87 62 95 562 90 99
internal_value=0 0.00542354 0.00378945 -0.00546353 -0.00654071 0.0288883 0.0244138
internal_weight=0 451.723 422.313 462.685 446.584 29.41 16.1009
internal_count=11036 3606 3429 7430 7236 177 194
is_linear=0
shrinkage=0.0432243


Tree=40
num_leaves=7
num_cat=0
split_feature=3 0 1 5 1 2
split_gain=13.8061 13.8927 10.0177 6.62677 6.14687 5.70005
threshold=5.5000000000000009 2.5000000000000004 4.5000000000000009 1.0000000180025095e-35 1.0000000180025095e-35 31.250000000000004
decision_type=8 2 2 2 2 10
left_child=2 3 5 -2 -3 -1
right_child=1 4 -4 -5 -6 -7
leaf_value=-0.0088821501591991002 -0.011413081057633051 0.0035019597933749597 0.049982335337805002 0.017093895654807501 0.013906549263219683 0.032900644655941939
leaf_weight=320.92695980891585 123.23362485691905 261.83863661438227 5.6460898891091338 17.384761717170477 178.34485307708383 6.2183400467038146
leaf_count=4835 2181 2489 36 217 1223 55
internal_value=0 0.00393905 -0.00710274 -0.00788874 0.00771749 -0.00808795
internal_weight=0 580.802 332.791 140.618 440.183 327.145
internal_count=11036 6110 4926 2398 3712 4890
is_linear=0
shrinkage=0.0432243


Tree=41
num_leaves=8
num_cat=0
split_feature=3 1 2 8 4 5 4
split_gain=13.117 9.39644 10.2331 4.66561 2.83237 2.67642 0.528677
threshold=2.5000000000000004 3.5000000000000004 30.500000000000004 1.0000000180025095e-35 3.5000000000000004 1.0000000180025095e-35 1.0000000180025095e-35
decision_type=8 2 10 2 8 2 10
left_child=3 2 -2 5 -3 -1 -5
right_child=1 4 -4 6 -6 -7 -8
leaf_value=-0.012956830714976384 -0.001085222488899282 0.029793934339963343 0.01626896620084602 -0.029906526152514143 0.0086745960972406111 0.017282599323267613 -0.046547313061235732
leaf_weight=61.568863466382027 705.93876643851399 26.141285710036755 69.755819980055094 16.914607197046283 21.723895892500877 6.0014728829264632 4.5201893374323836
leaf_count=955 8800 154 420 413 127 76 91
internal_value=0 0.00162229 0.000475386 -0.0158449 0.0202088 -0.010271 -0.0334158
internal_weight=0 823.56 775.695 89.0051 47.8652 67.5703 21.4348
internal_count=11036 9501 9220 1535 281 1031 504
is_linear=0
shrinkage=0.0432243


Tree=42
num_leaves=7
num_cat=0
split_feature=3 1 0 8 4 3
split_gain=12.2328 9.13043 8.92831 7.01595 1.38106 0.704427
threshold=3.5000000000000004 6.5000000000000009 55.500000000000007 1.0000000180025095e-35 4.5000000000000009 1.5000000000000002
decision_type=8 2 2 2 10 10
left_child=3 2 -2 4 -1 -5
right_child=1 -3 -4 5 -6 -7
leaf_value=-0.007204449762130645 0.00068606196954092526 0.042674849153090916 0.024574914256191047 -0.03719961893674751 0.013781908799960574 -0.023952260846283158
leaf_weight=118.93359629809856 711.19649414345622 10.285224020481108 30.483281046152115 10.965522352606056 6.1621465012431136 23.726565510034561
leaf_count=1790 8184 50 153 288 63 508
internal_value=0 0.00222879 0.0016679 -0.0109404 -0.00617067 -0.0281395
internal_weight=0 751.965 741.68 159.788 125.096 34.6921
internal_count=11036 8387 8337 2649 1853 796
is_linear=0
shrinkage=0.0432243


Tree=43
num_leaves=8
num_cat=0
split_feature=3 8 1 3 6 2 3
split_gain=11.6797 9.9097 10.4291 6.04368 5.06676 3.52338 1.87943
threshold=7.5000000000000009 1.0000000180025095e-35 1.5000000000000002 3.5000000000000004 1.0000000180025095e-35 31.250000000000004 8.5000000000000018
decision_type=10 2 2 8 2 10 10
left_child=1 2 -1 -3 5 -2 -6
right_child=4 3 -4 -5 6 -7 -8
leaf_value=-0.0017771608784845413 0.0093592866803239062 -0.027631764651672688 0.015904884693246212 -0.0073798079927714158 0.0087927228514109793 0.024617186909632934 -0.011190424772383526
leaf_weight=493.91215144842863 83.945231966674328 33.822658602148294 71.32091161608696 148.00392521545291 14.160403467714785 42.639335952699184 23.200297877192497
leaf_count=6157 602 796 519 2444 125 216 177
internal_value=0 -0.0023696 0.000453953 -0.011147 0.0103706 0.0144988 -0.00361644
internal_weight=0 747.06 565.233 181.827 163.945 126.585 37.3607
internal_count=11036 9916 6676 3240 1120 818 302
is_linear=0
shrinkage=0.0432243


Tree=44
num_leaves=8
num_cat=0
split_feature=3 0 3 1 8 5 4
split_gain=11.0817 8.12565 8.39595 7.87503 4.12338 2.47224 0.555225
threshold=2.5000000000000004 2.5000000000000004 3.5000000000000004 1.5000000000000002 1.0000000180025095e-35 1.0000000180025095e-35 1.0000000180025095e-35
decision_type=8 2 10 2 2 2 10
left_child=4 2 -2 -3 5 -1 -6
right_child=1 3 -4 -5 6 -7 -8
leaf_value=-0.012304274611352934 -0.013312577709866439 0.0016423999910483589 0.0035585801797230906 0.014121854967070588 -0.028438877997852108 0.016666007489767376 -0.046262708791875849
leaf_weight=60.507814925163984 120.51948138326406 484.31602347269654 101.54482664167881 117.37036926671863 15.592682637274267 6.0541876330971709 4.1302213072776786
leaf_count=955 2259 4974 1568 700 413 76 91
internal_value=0 0.00146872 -0.00559779 0.00407675 -0.0148128 -0.00966926 -0.0321714
internal_weight=0 823.751 222.064 601.686 86.2849 66.562 19.7229
internal_count=11036 9501 3827 5674 1535 1031 504
is_linear=0
shrinkage=0.0432243


Tree=45
num_leaves=7
num_cat=0
split_feature=3 0 1 5 2 1
split_gain=10.5028 10.9026 8.0079 5.95131 4.74387 4.56373
threshold=5.5000000000000009 2.5000000000000004 4.5000000000000009 1.0000000180025095e-35 31.250000000000004 1.0000000180025095e-35
decision_type=8 2 2 2 8 2
left_child=2 3 4 -2 -1 -3
right_child=1 5 -4 -5 -6 -7
leaf_value=-0.0079613358738362151 -0.010624449456362147 0.0030600625864080928 0.043548469796233572 0.016294304474765892 0.029484769507606045 0.011967528424102127
leaf_weight=313.69627290964127 120.67354441434145 263.31713023781776 5.9151141270995131 17.580193426460028 6.4508303254842749 181.56600603461266
leaf_count=4835 2181 2489 36 217 55 1223
internal_value=0 0.00340063 -0.00628606 -0.00720149 -0.00720681 0.00669538
internal_weight=0 583.137 326.062 138.254 320.147 444.883
internal_count=11036 6110 4926 2398 4890 3712
is_linear=0
shrinkage=0.0432243


Tree=46
num_leaves=8
num_cat=0
split_feature=0 1 3 2 1 3 2
split_gain=9.90261 8.62511 6.36508 3.04718 2.38225 1.66091 1.04056
threshold=1.5000000000000002 1.5000000000000002 5.5000000000000009 0.75000000000000011 5.5000000000000009 2.5000000000000004 2.2500000000000004
decision_type=2 2 8 10 2 8 8
left_child=3 2 -2 5 -3 -1 -5
right_child=1 4 -4 6 -6 -7 -8
leaf_value=-0.026122866789059705 -0.0059888733883438376 0.0091090065748830589 0.0027662076043462854 0.019411335427975695 0.02577929362682662 -0.012154436318213682 -0.0061371817241375141
leaf_weight=20.383638551458716 247.45223981142044 121.64457548037171 415.90956904739141 6.6087756864726517 18.444621026515961 72.368530210107565 5.4221004918217668
leaf_count=513 3580 884 4244 121 89 1507 98
internal_value=0 0.00155838 -0.000499679 -0.0125695 0.0113039 -0.0152242 0.00789708
internal_weight=0 803.451 663.362 104.783 140.089 92.7522 12.0309
internal_count=11036 8797 7824 2239 973 2020 219
is_linear=0
shrinkage=0.0432243


Tree=47
num_leaves=7
num_cat=0
split_feature=3 0 8 8 5 4
split_gain=9.36832 7.13826 7.14827 3.96608 2.3063 0.58038
threshold=2.5000000000000004 59.500000000000007 1.0000000180025095e-35 1.0000000180025095e-35 1.0000000180025095e-35 1.0000000180025095e-35
decision_type=8 2 2 2 2 10
left_child=3 2 -2 4 -1 -5
right_child=1 -3 -4 5 -6 -7
leaf_value=-0.011399569837267984 0.0027387155562847644 0.022771436923730098 -0.0071881572901720476 -0.027464326593531513 0.016601950146706825 -0.046199473015577315
leaf_weight=59.085652682930231 622.24521643668413 28.027298912405968 173.26792923733592 14.808475077152254 6.0590737015008918 3.9036103449761859
leaf_count=955 6501 137 2863 413 76 91
internal_value=0 0.00133193 0.000576578 -0.0138332 -0.00879516 -0.0313727
internal_weight=0 823.54 795.513 83.8568 65.1447 18.7121
internal_count=11036 9501 9364 1535 1031 504
is_linear=0
shrinkage=0.0432243


Tree=48
num_leaves=8
num_cat=0
split_feature=3 7 8 4 6 3 3
split_gain=8.71713 8.13599 7.8408 6.82885 4.50082 3.1512 1.73162
threshold=7.5000000000000009 1.0000000180025095e-35 1.0000000180025095e-35 2.5000000000000004 1.0000000180025095e-35 11.500000000000002 8.5000000000000018
decision_type=10 2 2 8 2 10 10
left_child=1 2 -1 -3 5 -2 -6
right_child=4 3 -4 -5 6 -7 -8
leaf_value=-0.00030950826528811657 0.010404441671741647 0.002017351207122263 -0.010879163155624868 0.052113499602949427 0.0075278534922502954 0.03245945979290786 -0.011548338931219489
leaf_weight=547.61642161756754 115.09958498179913 11.193563949316742 172.41254300624132 9.3141881451010686 14.38110814988613 13.526050776243208 23.286151695996523
leaf_count=6533 754 119 3195 69 125 64 177
internal_value=0 -0.00207582 -0.00284044 0.02477 0.00887553 0.0127237 -0.00426518
internal_weight=0 740.537 720.029 20.5078 166.293 128.626 37.6673
internal_count=11036 9916 9728 188 1120 818 302
is_linear=0
shrinkage=0.0432243


Tree=49
num_leaves=8
num_cat=0
split_feature=3 1 0 8 4 5 0
split_gain=8.55513 6.37731 7.10654 3.73939 2.40129 2.11863 0.591498
threshold=2.5000000000000004 3.5000000000000004 58.500000000000007 1.0000000180025095e-35 3.5000000000000004 1.0000000180025095e-35 1.5000000000000002
decision_type=8 2 2 2 8 2 2
left_child=3 2 -2 5 -3 -1 -5
right_child=1 4 -4 6 -6 -7 -8
leaf_value=-0.011006381883068071 -0.00049173795299990773 0.0250283746700759 0.021764826571771697 -0.036928489801848652 0.0058065786298642915 0.01568321706133918 -0.020819723576193428
leaf_weight=58.493588149547577 746.61765104532242 26.980260446667671 27.802031442523003 11.093337861821057 22.079830557107925 6.1401284076273432 6.912519045174121
leaf_count=955 9085 154 135 346 127 76 158
internal_value=0 0.00126469 0.000307283 -0.0133239 0.0163775 -0.0084709 -0.0307443
internal_weight=0 823.48 774.42 82.6396 49.0601 64.6337 18.0059
internal_count=11036 9501 9220 1535 281 1031 504
is_linear=0
shrinkage=0.0432243


Tree=50
num_leaves=8
num_cat=0
split_feature=0 1 0 0 2 3 2
split_gain=7.94435 7.50033 5.40988 3.76625 2.78656 1.4223 0.950501
threshold=1.5000000000000002 1.0000000180025095e-35 11.500000000000002 52.500000000000007 0.75000000000000011 2.5000000000000004 2.2500000000000004
decision_type=2 2 2 2 10 8 8
left_child=4 2 -2 -3 5 -1 -6
right_child=1 3 -4 -5 6 -7 -8
leaf_value=-0.024582071517870147 -0.0047028746639168877 0.0059133679923705522 0.0046412919236323872 0.027998893587519353 0.019031546584820244 -0.011251085259790836 -0.005462968251133884
leaf_weight=18.971466107293963 354.80886296182871 261.97171598300338 171.81938833743334 15.266830116510389 6.644620489329097 70.589942201972008 5.3374276645481595
leaf_count=513 5080 2354 1293 70 121 1507 98
internal_value=0 0.00137514 -0.00165422 0.00712956 -0.0114559 -0.0140749 0.00812042
internal_weight=0 803.867 526.628 277.239 101.543 89.5614 11.982
internal_count=11036 8797 6373 2424 2239 2020 219
is_linear=0
shrinkage=0.0432243


Tree=51
num_leaves=8
num_cat=0
split_feature=3 1 2 8 4 5 4
split_gain=7.58785 5.59931 6.64056 3.54234 2.15297 1.93887 0.619895
threshold=2.5000000000000004 3.5000000000000004 44.500000000000007 1.0000000180025095e-35 3.5000000000000004 1.0000000180025095e-35 1.0000000180025095e-35
decision_type=8 2 10 2 8 2 8
left_child=3 2 -2 5 -3 -1 -5
right_child=1 4 -4 6 -6 -7 -8
leaf_value=-0.010450676116704914 -0.00085465243441002338 0.023401571671500209 0.014415654044983864 -0.02584675738783547 0.0052692699043322419 0.014983471500585903 -0.046009525177419582
leaf_weight=57.660999745130539 716.53763091564178 27.309267580509186 57.474378861486912 13.652972441166641 22.163985177874565 6.2021073922514907 3.6000869777053586
leaf_count=955 8904 154 316 413 127 76 91
internal_value=0 0.00118036 0.000279246 -0.0126755 0.0152783 -0.00798062 -0.030054
internal_weight=0 823.485 774.012 81.1162 49.4733 63.8631 17.2531
internal_count=11036 9501 9220 1535 281 1031 504
is_linear=0
shrinkage=0.0432243


Tree=52
num_leaves=7
num_cat=0
split_feature=3 0 1 2 2 4
split_gain=7.21092 7.9619 6.21349 5.76499 3.99662 3.39489
threshold=5.5000000000000009 2.5000000000000004 4.5000000000000009 10.750000000000002 31.250000000000004 22.500000000000004
decision_type=8 2 2 8 8 10
left_child=2 3 4 -2 -1 -3
right_child=1 5 -4 -5 -6 -7
leaf_value=-0.0068666152513825992 0.0022238579460287311 0.0067565009982481451 0.037660189954154474 -0.015614778725482791 0.027078613731017376 -0.0061427677093675321
leaf_weight=305.46766764298081 70.02823256328702 408.04872006550431 6.1689652651548377 65.513644684106112 6.6207005158066741 42.048012644052505
leaf_count=4835 1159 3464 36 1239 55 248
internal_value=0 0.00278575 -0.00529736 -0.00639838 -0.00614649 0.00555145
internal_weight=0 585.639 318.257 135.542 312.088 450.097
internal_count=11036 6110 4926 2398 4890 3712
is_linear=0
shrinkage=0.0432243


Tree=53
num_leaves=8
num_cat=0
split_feature=0 1 5 2 4 3 2
split_gain=6.83118 6.36893 5.61291 2.53998 2.01979 1.27856 0.856775
threshold=1.5000000000000002 1.5000000000000002 1.0000000180025095e-35 0.75000000000000011 10.500000000000002 2.5000000000000004 2.2500000000000004
decision_type=2 2 2 10 8 8 8
left_child=3 2 -2 5 -3 -1 -5
right_child=1 4 -4 6 -6 -7 -8
leaf_value=-0.023527052159841154 -0.0022402776403424337 0.012788586772127505 0.008684257190184147 0.018111985382164169 0.0013101515148565036 -0.010630552671607115 -0.0051252879538326197
leaf_weight=18.109746381640434 557.41631842032075 102.18018790706992 104.31318865343928 6.7346975356340382 39.796769622713327 69.413340322673321 5.2955123968422422
leaf_count=513 6855 694 969 121 279 1507 98
internal_value=0 0.00126414 -0.000518165 -0.0107393 0.00957113 -0.013299 0.0078833
internal_weight=0 803.706 661.73 99.5533 141.977 87.5231 12.0302
internal_count=11036 8797 7824 2239 973 2020 219
is_linear=0
shrinkage=0.0432243


Tree=54
num_leaves=7
num_cat=0
split_feature=3 0 4 8 5 4
split_gain=6.51573 5.1007 5.50258 3.35454 1.73769 0.641312
threshold=2.5000000000000004 59.500000000000007 22.500000000000004 1.0000000180025095e-35 1.0000000180025095e-35 1.0000000180025095e-35
decision_type=8 2 10 2 2 8
left_child=3 2 -2 4 -1 -5
right_child=1 -3 -4 5 -6 -7
leaf_value=-0.0097306383265850106 0.0011341116394438472 0.018975565079690036 -0.018096143810069226 -0.024894573939971364 0.01425531944670551 -0.045938742455030372
leaf_weight=56.614422991871834 765.75286825373769 28.728264346718788 28.847817085683346 13.046388564631345 6.2677889727056018 3.4134895242750636
leaf_count=955 9166 137 198 413 76 91
internal_value=0 0.00108286 0.000435961 -0.011887 -0.00733984 -0.0292588
internal_weight=0 823.329 794.601 79.3421 62.8822 16.4599
internal_count=11036 9501 9364 1535 1031 504
is_linear=0
shrinkage=0.0432243


Tree=55
num_leaves=8
num_cat=0
split_feature=3 7 6 4 6 0 2
split_gain=6.26073 6.88787 7.18561 5.86889 3.97191 3.05937 1.78526
threshold=7.5000000000000009 1.0000000180025095e-35 1.0000000180025095e-35 2.5000000000000004 1.0000000180025095e-35 8.5000000000000018 4.7500000000000009
decision_type=10 2 2 8 2 2 10
left_child=1 2 -1 -3 5 -2 -6
right_child=4 3 -4 -5 6 -7 -8
leaf_value=-0.0037894208299238544 0.029571812460391009 0.0014376784935047613 0.01206606241501279 0.047358407453539669 0.004840730264457597 0.0086771433148455195 -0.01393330000824562
leaf_weight=654.9673419855535 14.763473793864248 11.247444286942484 58.14308163151145 9.6709400452673417 18.323768604546785 115.66238540410995 19.570558242499828
leaf_count=9152 163 119 576 69 164 655 138
internal_value=0 -0.00177952 -0.00249665 0.0226676 0.00746327 0.0110423 -0.00485513
internal_weight=0 734.029 713.11 20.9184 168.32 130.426 37.8943
internal_count=11036 9916 9728 188 1120 818 302
is_linear=0
shrinkage=0.0432243


Tree=56
num_leaves=7
num_cat=0
split_feature=0 1 4 1 3 2
split_gain=6.06624 5.82794 4.3993 3.19629 2.33739 1.36188
threshold=1.5000000000000002 1.0000000180025095e-35 56.500000000000007 6.5000000000000009 6.5000000000000009 0.75000000000000011
decision_type=2 2 10 2 10 10
left_child=4 2 -2 -3 5 -1
right_child=1 3 -4 -5 -6 -7
leaf_value=-0.013594532160270324 -0.0020049110081635339 0.0052791061008725867 0.029765047540836111 0.028822114971883278 0.017407853120922679 0.0036004301451334122
leaf_weight=83.088236443698406 515.93875203467906 268.34235235489905 8.2740168273448926 11.224707812070845 5.4129428789019576 9.6001376956701261
leaf_count=1973 6326 2372 47 52 87 179
internal_value=0 0.00118439 -0.00150346 0.00622437 -0.0102012 -0.0118136
internal_weight=0 803.78 524.213 279.567 98.1013 92.6884
internal_count=11036 8797 6373 2424 2239 2152
is_linear=0
shrinkage=0.0432243


Tree=57
num_leaves=7
num_cat=0
split_feature=3 0 1 2 2 4
split_gain=5.75762 6.51434 5.26822 5.18814 4.12283 3.0754
threshold=5.5000000000000009 2.5000000000000004 4.5000000000000009 10.750000000000002 4.7500000000000009 22.500000000000004
decision_type=8 2 2 8 10 10
left_child=2 3 4 -2 -1 -3
right_child=1 5 -4 -5 -6 -7
leaf_value=-0.0036181020709781875 0.0022312509425112133 0.0060880194984403333 0.034305958545637498 -0.014802755102411982 -0.018353630897124822 -0.0062001696426397072
leaf_weight=267.01358600892127 69.975759673863649 411.16240778565407 6.3152134716510764 63.924711585044861 40.91002319380641 41.933318398892879
leaf_count=4360 1159 3464 36 1239 530 248
internal_value=0 0.00247539 -0.00477433 -0.00590086 -0.00557583 0.00495077
internal_weight=0 586.996 314.239 133.9 307.924 453.096
internal_count=11036 6110 4926 2398 4890 3712
is_linear=0
shrinkage=0.0432243


Tree=58
num_leaves=7
num_cat=0
split_feature=3 0 4 8 5 4
split_gain=5.61378 4.44415 6.0859 3.21353 1.60619 0.660245
threshold=2.5000000000000004 71.500000000000014 22.500000000000004 1.0000000180025095e-35 1.0000000180025095e-35 1.0000000180025095e-35
decision_type=8 2 10 2 2 10
left_child=3 2 -2 4 -1 -5
right_child=1 -3 -4 5 -6 -7
leaf_value=-0.0090546286902391596 0.0012604464109383165 0.021161378848043113 -0.018060417284097779 -0.024057558925698292 0.013984372638464204 -0.045921959588052737
leaf_weight=55.666217796504498 771.29535828158259 19.928033277392387 31.712271004915237 12.554271960631011 6.2927030548453322 3.2479831539094439
leaf_count=955 9194 94 213 413 76 91
internal_value=0 0.000997823 0.000497429 -0.0111523 -0.00671473 -0.0285516
internal_weight=0 822.936 803.008 77.7612 61.9589 15.8023
internal_count=11036 9501 9407 1535 1031 504
is_linear=0
shrinkage=0.0432243


Tree=59
num_leaves=7
num_cat=0
split_feature=5 1 6 8 2 2
split_gain=5.43924 6.45482 4.80546 3.68453 3.05323 2.30553
threshold=1.0000000180025095e-35 1.0000000180025095e-35 1.0000000180025095e-35 1.0000000180025095e-35 5.2500000000000009 1.2500000000000002
decision_type=2 2 2 2 10 8
left_child=1 2 -1 -3 5 -2
right_child=4 3 -4 -5 -6 -7
leaf_value=-0.0058077537276838244 0.0081976316238642644 0.0072545636133182403 0.0078954345786630409 -0.0041255338928261488 0.021264271166169271 -0.0065118995181021305
leaf_weight=448.01590841263533 85.408461730927229 187.527020432055 53.525582801550627 74.18260090239346 25.826887413859367 25.958968244493008
leaf_count=6458 843 1568 547 1232 159 229
internal_value=0 -0.00147392 -0.00434532 0.00402883 0.0078742 0.00476894
internal_weight=0 763.251 501.541 261.71 137.194 111.367
internal_count=11036 9805 7005 2800 1231 1072
is_linear=0
shrinkage=0.0432243


Tree=60
num_leaves=8
num_cat=0
split_feature=0 1 5 2 4 3 2
split_gain=5.13342 4.74383 4.34749 2.1195 1.65573 1.07107 0.775627
threshold=1.5000000000000002 1.5000000000000002 1.0000000180025095e-35 0.75000000000000011 10.500000000000002 2.5000000000000004 2.2500000000000004
decision_type=2 2 2 10 8 8 10
left_child=3 2 -2 5 -3 -1 -5
right_child=1 4 -4 6 -6 -7 -8
leaf_value=-0.021693292895385633 -0.002001951960209167 0.011077370458124994 0.0075553666721040929 0.017013205861896315 0.00071942797690024388 -0.0094845619718247256 -0.0050327097742369365
leaf_weight=16.769276820123196 554.08017133362591 103.75072810053825 105.92473777383566 6.8448552265763265 39.93089746311307 67.330710615962744 5.2828274257481098
leaf_count=513 6855 694 969 121 279 1507 98
internal_value=0 0.00108136 -0.00046809 -0.0094829 0.00819877 -0.0119189 0.00740999
internal_weight=0 803.687 660.005 96.2277 143.682 84.1 12.1277
internal_count=11036 8797 7824 2239 973 2020 219
is_linear=0
shrinkage=0.0432243


Tree=61
num_leaves=7
num_cat=0
split_feature=2 1 3 2 0 0
split_gain=5.01847 7.76481 4.74003 3.66716 3.60296 0.922786
threshold=30.500000000000004 6.5000000000000009 1.5000000000000002 114.25000000000001 13.500000000000002 34.500000000000007
decision_type=10 2 8 10 2 2
left_child=1 2 -1 4 -2 -5
right_child=3 -3 -4 5 -6 -7
leaf_value=-0.018035628958444738 -0.00016611591636677057 0.037947473781020251 -0.00085450645185540313 -0.0083952283004353374 0.02558062126862775 0.0061016726059803083
leaf_weight=31.204601511359215 14.5469255708158 9.4232019856572133 777.72931245900691 15.915397278964518 33.633146770298481 16.930578485131264
leaf_count=713 109 47 9821 82 186 78
internal_value=0 -0.00106284 -0.00151727 0.0102144 0.017807 -0.000922748
internal_weight=0 818.357 808.934 81.026 48.1801 32.846
internal_count=11036 10581 10534 455 295 160
is_linear=0
shrinkage=0.0432243


Tree=62
num_leaves=7
num_cat=0
split_feature=3 0 4 8 5 4
split_gain=4.64376 3.9681 4.75618 3.0126 1.37079 0.685684
threshold=2.5000000000000004 59.500000000000007 22.500000000000004 1.0000000180025095e-35 1.0000000180025095e-35 1.0000000180025095e-35
decision_type=8 2 10 2 2 10
left_child=3 2 -2 4 -1 -5
right_child=1 -3 -4 5 -6 -7
leaf_value=-0.0082194308257922209 0.00096595098821689572 0.016559570179651872 -0.017089716930141909 -0.022939663401104773 0.012942386391750077 -0.045858641100322055
leaf_weight=54.524773366749287 765.48783836513758 29.155269667506218 28.264032781124115 11.945526465773581 6.3891741707921019 3.0645581278949967
leaf_count=955 9166 137 198 413 76 91
internal_value=0 0.000898277 0.000323022 -0.0102739 -0.0059998 -0.027619
internal_weight=0 822.907 793.752 75.924 60.9139 15.0101
internal_count=11036 9501 9364 1535 1031 504
is_linear=0
shrinkage=0.0432243


Tree=63
num_leaves=7
num_cat=0
split_feature=0 1 4 0 3 4
split_gain=4.54653 4.195 3.92189 2.8608 2.02292 1.26375
threshold=1.5000000000000002 1.0000000180025095e-35 56.500000000000007 52.500000000000007 6.5000000000000009 1.0000000180025095e-35
decision_type=2 2 10 2 10 10
left_child=4 2 -2 -3 5 -1
right_child=1 3 -4 -5 -6 -7
leaf_value=-0.0090170913119562782 -0.0017634480675898544 0.0042050653306225684 0.028083642162601345 0.023250072402120309 0.016488552005338778 -0.027763208982084342
leaf_weight=82.163838613778353 512.98602470196784 266.62638695165515 8.3592655137181264 15.598156198859213 5.4867172949016085 7.3172024041414252
leaf_count=1978 6326 2354 47 70 87 174
internal_value=0 0.00101295 -0.00128488 0.00525766 -0.00898789 -0.01055
internal_weight=0 803.57 521.345 282.225 94.9678 89.481
internal_count=11036 8797 6373 2424 2239 2152
is_linear=0
shrinkage=0.0432243


Tree=64
num_leaves=7
num_cat=0
split_feature=5 1 0 4 2 2
split_gain=4.37718 5.14021 4.38329 3.14505 2.55048 2.07949
threshold=1.0000000180025095e-35 1.0000000180025095e-35 15.500000000000002 32.500000000000007 5.2500000000000009 1.2500000000000002
decision_type=2 2 2 10 10 8
left_child=1 2 -1 -3 5 -2
right_child=4 3 -4 -5 -6 -7
leaf_value=-0.0058745519645973824 0.0074107430867065317 0.0046186109494115125 0.0045069812393056675 -0.01755171274445996 0.019140881879911486 -0.0065420238001323693
leaf_weight=403.11036435887218 86.308362264186144 250.09330088272691 93.636428475379944 12.554856382310389 26.2906234562397 25.95947303250432
leaf_count=6330 843 2733 675 67 159 229
internal_value=0 -0.00133178 -0.00391764 0.00355885 0.00702236 0.00418447
internal_weight=0 759.395 496.747 262.648 138.558 112.268
internal_count=11036 9805 7005 2800 1231 1072
is_linear=0
shrinkage=0.0432243


Tree=65
num_leaves=5
num_cat=0
split_feature=1 4 3 0
split_gain=4.28766 4.96006 9.42916 3.97689
threshold=6.5000000000000009 2.5000000000000004 12.500000000000002 27.500000000000004
decision_type=2 10 8 2
left_child=1 3 -3 -1
right_child=-2 2 -4 -5
leaf_value=-0.0027944956746440803 0.025919885983250315 0.0031806499685190824 0.041304028100752017 0.013070780134092646
leaf_weight=662.70742460340261 11.730232223868368 179.14779432490468 13.000871978700159 30.895379766821861
leaf_count=9389 56 1321 80 190
internal_value=0 -0.000385336 0.0057601 -0.0020878
internal_weight=0 885.751 192.149 693.603
internal_count=11036 10980 1401 9579
is_linear=0
shrinkage=0.0432243


Tree=66
num_leaves=7
num_cat=0
split_feature=3 5 7 1 0 8
split_gain=4.07351 3.84788 4.39285 2.25009 2.06954 0.652113
threshold=1.5000000000000002 1.0000000180025095e-35 1.0000000180025095e-35 1.0000000180025095e-35 8.5000000000000018 1.0000000180025095e-35
decision_type=8 2 2 2 2 2
left_child=3 2 -2 5 -3 -1
right_child=1 4 -4 -5 -6 -7
leaf_value=-0.018150757138059168 -0.0015641775113500614 0.01409686743611477 0.012887817414934874 0.0067228954067661394 0.0030722671946360447 -0.035750555314067227
leaf_weight=18.659091614186771 688.80947733856738 50.669457893818617 41.673355057835579 6.5766766294836989 85.484610237181187 4.9839986544102421
leaf_count=356 8823 604 316 161 579 197
internal_value=0 0.000503752 -0.000739705 -0.0156402 0.00717505 -0.0218608
internal_weight=0 866.637 730.483 30.2198 136.154 23.6431
internal_count=11036 10322 9139 714 1183 553
is_linear=0
shrinkage=0.0432243


Tree=67
num_leaves=8
num_cat=0
split_feature=0 3 2 1 2 1 2
split_gain=3.95124 3.66058 6.29989 2.80729 1.90936 0.919578 0.715396
threshold=1.5000000000000002 5.5000000000000009 4.7500000000000009 6.5000000000000009 0.75000000000000011 1.0000000180025095e-35 2.2500000000000004
decision_type=2 8 10 2 10 2 8
left_child=4 2 -2 -3 5 -1 -6
right_child=1 3 -4 -5 6 -7 -8
leaf_value=-0.01430336367710403 -0.00040873802727155282 0.00259683428369529 -0.019022394437929614 0.027390585377958895 0.016753280472518627 -0.0047717916048253687 -0.0044786986137436008
leaf_weight=51.730990355834365 226.55565390177071 527.82022538781166 39.965213816612959 8.6723355054855329 6.8703622892498943 29.807710599154234 5.2160084359347829
leaf_count=1308 3320 4922 516 39 121 712 98
internal_value=0 0.000940664 -0.00319988 0.00299762 -0.00844243 -0.010819 0.00759038
internal_weight=0 803.013 266.521 536.493 93.6251 81.5387 12.0864
internal_count=11036 8797 3836 4961 2239 2020 219
is_linear=0
shrinkage=0.0432243


Tree=68
num_leaves=7
num_cat=0
split_feature=2 1 2 2 0 2
split_gain=3.8795 6.12437 4.37573 3.5185 2.98973 0.000979494
threshold=30.500000000000004 6.5000000000000009 4.7500000000000009 114.25000000000001 13.500000000000002 206.50000000000003
decision_type=10 2 10 10 2 10
left_child=1 2 -1 4 -2 -5
right_child=3 -3 -4 5 -6 -7
leaf_value=-0.00017566832015926553 -0.00010777290901323605 0.033373970932740742 -0.01001134240245392 -0.0022009866683040695 0.023308121057317711 -0.0017295385916548175
leaf_weight=708.94492955319583 14.514464445412157 9.6041261181235296 95.945126347243786 15.793832406401632 34.17306187748909 17.200598657131195
leaf_count=9506 109 47 1028 80 186 80
internal_value=0 -0.000938682 -0.00134811 0.00894242 0.0163275 -0.00195521
internal_weight=0 814.494 804.89 81.682 48.6875 32.9944
internal_count=11036 10581 10534 455 295 160
is_linear=0
shrinkage=0.0432243


Tree=69
num_leaves=7
num_cat=0
split_feature=3 0 4 8 5 4
split_gain=3.73853 3.06776 5.60761 2.82431 1.15763 0.714104
threshold=2.5000000000000004 71.500000000000014 22.500000000000004 1.0000000180025095e-35 1.0000000180025095e-35 1.0000000180025095e-35
decision_type=8 2 10 2 2 10
left_child=3 2 -2 4 -1 -5
right_child=1 -3 -4 5 -6 -7
leaf_value=-0.0073148840265421927 0.0011097815692120425 0.017368238483772072 -0.017543790885487645 -0.021763778697913471 0.012039010090160548 -0.045858554945478067
leaf_weight=53.334733311086893 770.02468692883849 20.365746527910233 31.335235677659512 11.361214667558668 6.4751761555671683 2.8808466643095008
leaf_count=955 9194 94 213 413 76 91
internal_value=0 0.000801408 0.000380379 -0.00933881 -0.00521958 -0.0266376
internal_weight=0 821.726 801.36 74.052 59.8099 14.2421
internal_count=11036 9501 9407 1535 1031 504
is_linear=0
shrinkage=0.0432243


Tree=70
num_leaves=6
num_cat=0
split_feature=4 3 4 1 2
split_gain=3.58194 8.35659 8.48847 6.71713 3.56076
threshold=2.5000000000000004 12.500000000000002 13.500000000000002 6.5000000000000009 30.500000000000004
decision_type=10 8 10 2 10
left_child=3 2 -2 4 -1
right_child=1 -3 -4 -5 -6
leaf_value=-0.0026187077844992235 0.0095602581893507038 0.038242194777275897 -0.0099319237945367789 0.037918815636126008 0.012263234597776219
leaf_weight=659.56081429496408 118.96811208501458 13.270150974392889 64.302292414009571 7.9903177618980399 31.471969235688448
leaf_count=9383 919 80 418 40 196
internal_value=0 0.00511955 0.00272123 -0.00148531 -0.00194093
internal_weight=0 196.541 183.27 699.023 691.033
internal_count=11036 1417 1337 9619 9579
is_linear=0
shrinkage=0.0432243


Tree=71
num_leaves=7
num_cat=0
split_feature=8 0 4 4 4 3
split_gain=3.52701 15.2761 5.79681 8.58974 8.02099 3.40087
threshold=1.0000000180025095e-35 58.500000000000007 22.500000000000004 50.500000000000007 2.5000000000000004 3.5000000000000004
decision_type=2 2 10 10 8 8
left_child=2 5 4 -4 -1 -2
right_child=1 -3 3 -5 -6 -7
leaf_value=-0.00115197520437645 -0.021980189713907434 0.063827961961200691 -0.032149227331489366 0.0092957268327446552 0.008782690920897571 -0.0051066534698030715
leaf_weight=438.00531122460961 26.092429323121905 5.7818803638219824 22.523817710578442 15.966036930680273 232.39996355772018 154.23121095076203
leaf_count=5351 796 26 156 88 2049 2570
internal_value=0 -0.00533072 0.00135537 -0.0149574 0.00229194 -0.00754822
internal_weight=0 186.106 708.895 38.4899 670.405 180.324
internal_count=11036 3392 7644 244 7400 3366
is_linear=0
shrinkage=0.0432243


Tree=72
num_leaves=7
num_cat=0
split_feature=3 5 7 1 0 8
split_gain=3.39678 3.23688 3.69441 2.17497 2.04045 0.595256
threshold=1.5000000000000002 1.0000000180025095e-35 1.0000000180025095e-35 1.0000000180025095e-35 8.5000000000000018 1.0000000180025095e-35
decision_type=8 2 2 2 2 2
left_child=3 2 -2 5 -3 -1
right_child=1 4 -4 -5 -6 -7
leaf_value=-0.017333025990700503 -0.0014549132174171858 0.013379461115498936 0.011740487786287637 0.0075695467410633356 0.0024778259937384391 -0.034815591476125368
leaf_weight=18.168028563261039 686.12704885937274 51.180502105504274 42.07283316552639 6.4715315345674744 85.940265618264675 4.5500155575573435
leaf_count=356 8823 604 316 161 579 197
internal_value=0 0.000454644 -0.000692529 -0.0145371 0.00654688 -0.0208345
internal_weight=0 865.321 728.2 29.1896 137.121 22.718
internal_count=11036 10322 9139 714 1183 553
is_linear=0
shrinkage=0.0432243


Tree=73
num_leaves=7
num_cat=0
split_feature=8 0 4 4 4 7
split_gain=3.22169 13.7782 5.32993 8.06236 7.26664 3.21614
threshold=1.0000000180025095e-35 58.500000000000007 22.500000000000004 50.500000000000007 2.5000000000000004 1.0000000180025095e-35
decision_type=2 2 10 10 8 2
left_child=2 5 4 -4 -1 -2
right_child=1 -3 3 -5 -6 -7
leaf_value=-0.0011032838538933933 -0.0084090827939802514 0.060041963312244831 -0.031364380881140373 0.0089094816552604816 0.0083367121126941904 0.021742558183956307
leaf_weight=437.54471830278635 172.17075819708407 5.8710320293903342 22.09022306650877 16.023242957890034 233.73814194649458 6.8733845055103293
leaf_count=5351 3292 26 156 88 2049 74
internal_value=0 -0.00511502 0.00129093 -0.0144329 0.00218369 -0.00725158
internal_weight=0 184.915 709.396 38.1135 671.283 179.044
internal_count=11036 3392 7644 244 7400 3366
is_linear=0
shrinkage=0.0432243


Tree=74
num_leaves=7
num_cat=0
split_feature=1 2 2 0 4 3
split_gain=3.19107 4.0815 5.04356 3.4689 1.99309 0.0362018
threshold=3.5000000000000004 30.500000000000004 3.7500000000000004 28.500000000000004 3.5000000000000004 5.5000000000000009
decision_type=2 10 10 2 8 10
left_child=1 2 -1 -3 5 -2
right_child=4 3 -4 -5 -6 -7
leaf_value=-0.00022973666170473752 0.016312663840652365 0.00072601706290458565 -0.010493227224773256 0.019531478879819958 0.00075774080047977862 0.019352593036109113
leaf_weight=664.01234749518335 14.843982771039011 41.696973487734795 103.38226967677474 32.697677314281464 22.752448737621307 14.438180975615976
leaf_count=9142 93 264 1181 157 128 71
internal_value=0 -0.000675294 -0.00161242 0.00899133 0.0103547 0.0178116
internal_weight=0 841.789 767.395 74.3947 52.0346 29.2822
internal_count=11036 10744 10323 421 292 164
is_linear=0
shrinkage=0.0432243


Tree=75
num_leaves=7
num_cat=0
split_feature=3 5 0 1 2 8
split_gain=3.11593 2.89146 3.14094 2.04951 1.9907 0.578217
threshold=1.5000000000000002 1.0000000180025095e-35 71.500000000000014 1.0000000180025095e-35 5.2500000000000009 1.0000000180025095e-35
decision_type=8 2 2 2 10 2
left_child=3 2 -2 5 -3 -1
right_child=1 4 -4 -5 -6 -7
leaf_value=-0.016826699959240101 -0.0011020458495349357 0.0036270375641432001 0.017404034859911741 0.0073227095133155647 0.016771241961865389 -0.03437117810339544
leaf_weight=17.87935836613179 709.24653517827392 111.0562213100493 17.559345945715904 6.4982532747089854 26.703916855156422 4.3668738342821589
leaf_count=356 9059 1024 80 161 159 197
internal_value=0 0.000433332 -0.000654946 -0.0140326 0.00617496 -0.0202706
internal_weight=0 864.566 726.806 28.7445 137.76 22.2462
internal_count=11036 10322 9139 714 1183 553
is_linear=0
shrinkage=0.0432243


Tree=76
num_leaves=7
num_cat=0
split_feature=8 0 4 4 4 3
split_gain=2.94197 12.1152 5.07764 7.40922 6.47061 3.09543
threshold=1.0000000180025095e-35 58.500000000000007 22.500000000000004 50.500000000000007 2.5000000000000004 3.5000000000000004
decision_type=2 2 10 10 8 8
left_child=2 5 4 -4 -1 -2
right_child=1 -3 3 -5 -6 -7
leaf_value=-0.0010139188009731161 -0.021006772971590874 0.055720185958745942 -0.03068361951689641 0.008002934397193167 0.0078825584595187091 -0.0046261916383128852
leaf_weight=436.50401801988482 25.098530834540725 5.9583753794431678 21.681829378008842 16.130399741232395 234.96505118533969 152.59841561317444
leaf_count=5351 796 26 156 88 2049 2570
internal_value=0 -0.00490695 0.00123133 -0.0141802 0.0020992 -0.00693984
internal_weight=0 183.655 709.281 37.8122 671.469 177.697
internal_count=11036 3392 7644 244 7400 3366
is_linear=0
shrinkage=0.0432243


Tree=77
num_leaves=6
num_cat=0
split_feature=1 2 2 4 0
split_gain=2.8899 3.48271 4.75727 3.44605 1.83841
threshold=3.5000000000000004 30.500000000000004 3.7500000000000004 13.500000000000002 8.5000000000000018
decision_type=2 10 10 10 2
left_child=1 2 -1 -3 -2
right_child=4 3 -4 -5 -6
leaf_value=-0.00017275235809820574 0.020537690784866697 0.013480793704056058 -0.010174827192939936 -0.0082530300992259761 0.0036878556510264583
leaf_weight=662.94385856203735 19.051518864929676 56.781660340726376 102.59439349360764 17.935729190707207 33.145031630992889
leaf_count=9142 148 329 1181 92 144
internal_value=0 -0.000643813 -0.00151319 0.00826364 0.00983797
internal_weight=0 840.256 765.538 74.7174 52.1966
internal_count=11036 10744 10323 421 292
is_linear=0
shrinkage=0.0432243


Tree=78
num_leaves=7
num_cat=0
split_feature=3 5 7 0 1 8
split_gain=2.81131 2.58078 3.02849 2.02665 1.94712 0.546146
threshold=1.5000000000000002 1.0000000180025095e-35 1.0000000180025095e-35 8.5000000000000018 1.0000000180025095e-35 1.0000000180025095e-35
decision_type=8 2 2 2 2 2
left_child=4 2 -2 -3 5 -1
right_child=1 3 -4 -5 -6 -7
leaf_value=-0.016330572849363789 -0.0013188511755736676 0.012585742281634124 0.010574473909759026 0.001772818122385943 0.0073151195930197758 -0.033776096681941939
leaf_weight=17.604430664330728 683.15386444702744 51.765039209276438 42.489378929138184 86.50470194965601 6.4963326398283234 4.1414502058178178
leaf_count=356 8823 604 316 579 161 197
internal_value=0 0.000408818 -0.000622448 0.00582093 -0.0134498 -0.019653
internal_weight=0 863.913 725.643 138.27 28.2422 21.7459
internal_count=11036 10322 9139 1183 714 553
is_linear=0
shrinkage=0.0432243


Tree=79
num_leaves=7
num_cat=0
split_feature=8 0 4 4 4 0
split_gain=2.71679 11.0327 4.58641 6.97529 5.83547 3.00223
threshold=1.0000000180025095e-35 58.500000000000007 22.500000000000004 50.500000000000007 3.5000000000000004 35.500000000000007
decision_type=2 2 10 10 8 2
left_child=2 5 4 -4 -1 -2
right_child=1 -3 3 -5 -6 -7
leaf_value=-0.00066860243641112752 -0.0057214172493799094 0.05282741536211033 -0.029837795636647051 0.0078509775095600646 0.008078457426344306 -0.039425280252800329
leaf_weight=466.8782205991447 171.51324548758566 6.0169259756803504 21.233885295689106 16.155036970973015 205.09594984725118 5.0842695310711852
leaf_count=5610 3332 26 156 88 1790 34
internal_value=0 -0.00473067 0.00118129 -0.0135532 0.00200112 -0.00669176
internal_weight=0 182.614 709.363 37.3889 671.974 176.598
internal_count=11036 3392 7644 244 7400 3366
is_linear=0
shrinkage=0.0432243


Tree=80
num_leaves=8
num_cat=0
split_feature=1 3 5 4 4 8 8
split_gain=2.67952 3.82053 3.59788 2.17562 3.22925 1.94859 1.44747
threshold=1.5000000000000002 1.5000000000000002 1.0000000180025095e-35 10.500000000000002 5.5000000000000009 1.0000000180025095e-35 1.0000000180025095e-35
decision_type=2 8 2 8 10 2 2
left_child=1 6 -3 4 -2 -5 -1
right_child=3 2 -4 5 -6 -7 -8
leaf_value=-0.011989553157269588 0.0057107347193194524 -0.0018667507709476043 0.0065668440919886299 0.0049992354488536655 0.029274779564881368 -0.013387619008926948 -0.036635289917907231
leaf_weight=20.43114418908954 101.91220774501562 595.38509597443044 112.34318506717682 24.380217701196671 12.162451565265654 19.288285721093416 5.692827094346284
leaf_count=410 813 8099 1024 127 60 235 268
internal_value=0 -0.00112722 -0.000528021 0.00508234 0.00822309 -0.0031222 -0.0173602
internal_weight=0 733.852 707.728 157.743 114.075 43.6685 26.124
internal_count=11036 9801 9123 1235 873 362 678
is_linear=0
shrinkage=0.0432243


Tree=81
num_leaves=5
num_cat=0
split_feature=1 7 0 3
split_gain=2.57941 2.9769 4.35195 4.09364
threshold=6.5000000000000009 1.0000000180025095e-35 7.5000000000000009 11.500000000000002
decision_type=2 2 2 10
left_child=1 3 -3 -1
right_child=-2 2 -4 -5
leaf_value=-0.0012396475496432981 0.019934887055095642 -0.011523880747759278 0.01953457094344653 0.023369303169545573
leaf_weight=824.31204766593874 11.931071586906908 11.663301706314085 30.397080764174461 12.825817458331583
leaf_count=10604 56 150 165 61
internal_value=0 -0.000298839 0.0109221 -0.000862613
internal_weight=0 879.198 42.0604 837.138
internal_count=11036 10980 315 10665
is_linear=0
shrinkage=0.0432243


Tree=82
num_leaves=7
num_cat=0
split_feature=1 5 6 0 4 0
split_gain=2.43814 3.49226 3.90502 2.67157 5.79051 2.39207
threshold=1.0000000180025095e-35 1.0000000180025095e-35 1.0000000180025095e-35 69.500000000000014 31.500000000000004 23.500000000000004
decision_type=2 2 2 2 10 2
left_child=1 2 -1 4 -2 -3
right_child=3 5 -4 -5 -6 -7
leaf_value=-0.0044917463411095933 0.0034264014702565793 0.0099869680287221641 0.0078931618498303477 0.027313776999095561 -0.030624686975517585 -0.0076799953312973049
leaf_weight=433.30351943336427 299.47555131651461 68.44150559976697 53.431153012439609 8.2329734861850721 9.6306881159543973 18.106983631849289
leaf_count=6458 3116 705 547 35 58 117
internal_value=0 -0.0017096 -0.0031322 0.00301274 0.00236549 0.00629083
internal_weight=0 573.283 486.735 317.339 309.106 86.5485
internal_count=11036 7827 7005 3209 3174 822
is_linear=0
shrinkage=0.0432243


Tree=83
num_leaves=7
num_cat=0
split_feature=8 0 4 4 4 0
split_gain=2.40129 9.71047 4.14101 6.50616 5.15435 2.86718
threshold=1.0000000180025095e-35 58.500000000000007 22.500000000000004 50.500000000000007 2.5000000000000004 35.500000000000007
decision_type=2 2 10 10 8 2
left_child=2 5 4 -4 -1 -2
right_child=1 -3 3 -5 -6 -7
leaf_value=-0.00091263425262384562 -0.0053843786797943922 0.049294588533763888 -0.028991466691099976 0.0075872857650769298 0.0070077175145131267 -0.03867493321352735
leaf_weight=435.03576935827732 170.13204617239535 6.0666877329349509 20.763739891350269 16.152180932462215 237.21941270306706 4.9749318510293952
leaf_count=5351 3332 26 156 88 2049 34
internal_value=0 -0.00446757 0.00110822 -0.0129868 0.00188223 -0.00633019
internal_weight=0 181.174 709.171 36.9159 672.255 175.107
internal_count=11036 3392 7644 244 7400 3366
is_linear=0
shrinkage=0.0432243


Tree=84
num_leaves=8
num_cat=0
split_feature=3 8 7 2 3 5 4
split_gain=2.3431 2.16608 1.86976 4.68289 3.25882 0.892804 0.795457
threshold=2.5000000000000004 1.0000000180025095e-35 1.0000000180025095e-35 0.75000000000000011 11.500000000000002 1.0000000180025095e-35 1.0000000180025095e-35
decision_type=8 2 2 10 10 2 10
left_child=1 5 4 -4 -2 -1 -3
right_child=2 6 3 -5 -6 -7 -8
leaf_value=-0.0059824160693299402 -0.00022879490602633495 -0.018432572520044099 0.020560253693980887 -0.0089414173064446215 0.021348371404052723 0.010923882587213076 -0.045634244847202549
leaf_weight=51.650679931044579 763.14598402380943 9.9688425809144956 26.629113312810659 16.148800298571587 13.305592522025107 6.5794113576412192 2.5153419822454444
leaf_count=955 9123 413 218 97 63 76 91
internal_value=0 -0.007575 0.000625657 0.00942328 0.00014096 -0.00407218 -0.0239132
internal_weight=0 70.7143 819.229 42.7779 776.452 58.2301 12.4842
internal_count=11036 1535 9501 315 9186 1031 504
is_linear=0
shrinkage=0.0432243


Tree=85
num_leaves=5
num_cat=0
split_feature=1 3 7 0
split_gain=2.32748 2.63675 2.28874 1.11731
threshold=6.5000000000000009 1.5000000000000002 1.0000000180025095e-35 6.5000000000000009
decision_type=2 8 2 2
left_child=1 3 -3 -1
right_child=-2 2 -4 -5
leaf_value=-0.010076767420043545 0.018920347100676981 -0.00037434620615834881 0.0099286408735036538 -0.035666018728663082
leaf_weight=23.354791243560616 11.952244505286215 808.26848058216274 42.396431084722281 3.6919170878827563
leaf_count=660 56 9954 313 53
internal_value=0 -0.000283294 0.000139146 -0.0135697
internal_weight=0 877.712 850.665 27.0467
internal_count=11036 10980 10267 713
is_linear=0
shrinkage=0.0432243


end of trees

feature_importances:
classe_meds_qtde=113
hospital_stay=106
admission_pre_t0_count=92
equipe_multiprof=65
vasodilatador=57
procedure_type_1_X2=46
cied_final_1_X2=36
cied_final_1_X3=16
cied_final_1_.merged=14

parameters:
[boosting: gbdt]
[objective: binary]
[metric: binary_logloss]
[tree_learner: serial]
[device_type: cpu]
[data: ]
[valid: ]
[num_iterations: 86]
[learning_rate: 0.0432243]
[num_leaves: 8]
[num_threads: 0]
[deterministic: 1]
[force_col_wise: 0]
[force_row_wise: 0]
[histogram_pool_size: -1]
[max_depth: 3]
[min_data_in_leaf: 80]
[min_sum_hessian_in_leaf: 0.001]
[bagging_fraction: 1]
[pos_bagging_fraction: 1]
[neg_bagging_fraction: 1]
[bagging_freq: 0]
[bagging_seed: 12443]
[feature_fraction: 1]
[feature_fraction_bynode: 1]
[feature_fraction_seed: 3322]
[extra_trees: 0]
[extra_seed: 2359]
[early_stopping_round: 0]
[first_metric_only: 0]
[max_delta_step: 0]
[lambda_l1: 0]
[lambda_l2: 0]
[linear_lambda: 0]
[min_gain_to_split: 0]
[drop_rate: 0.1]
[max_drop: 50]
[skip_drop: 0.5]
[xgboost_dart_mode: 0]
[uniform_drop: 0]
[drop_seed: 14597]
[top_rate: 0.2]
[other_rate: 0.1]
[min_data_per_group: 100]
[max_cat_threshold: 32]
[cat_l2: 10]
[cat_smooth: 10]
[max_cat_to_onehot: 4]
[top_k: 20]
[monotone_constraints: ]
[monotone_constraints_method: basic]
[monotone_penalty: 0]
[feature_contri: ]
[forcedsplits_filename: ]
[refit_decay_rate: 0.9]
[cegb_tradeoff: 1]
[cegb_penalty_split: 0]
[cegb_penalty_feature_lazy: ]
[cegb_penalty_feature_coupled: ]
[path_smooth: 0]
[interaction_constraints: ]
[verbosity: -1]
[saved_feature_importance_type: 0]
[linear_tree: 0]
[max_bin: 255]
[max_bin_by_feature: ]
[min_data_in_bin: 3]
[bin_construct_sample_cnt: 200000]
[data_random_seed: 19341]
[is_enable_sparse: 1]
[enable_bundle: 1]
[use_missing: 1]
[zero_as_missing: 0]
[feature_pre_filter: 0]
[pre_partition: 0]
[two_round: 0]
[header: 0]
[label_column: ]
[weight_column: ]
[group_column: ]
[ignore_column: ]
[categorical_feature: ]
[forcedbins_filename: ]
[precise_float_parser: 0]
[objective_seed: 19890]
[num_class: 1]
[is_unbalance: 0]
[scale_pos_weight: 1]
[sigmoid: 1]
[boost_from_average: 1]
[reg_sqrt: 0]
[alpha: 0.9]
[fair_c: 1]
[poisson_max_delta_step: 0.7]
[tweedie_variance_power: 1.5]
[lambdarank_truncation_level: 30]
[lambdarank_norm: 1]
[label_gain: ]
[eval_at: ]
[multi_error_top_k: 1]
[auc_mu_weights: ]
[num_machines: 1]
[local_listen_port: 12400]
[time_out: 120]
[machine_list_filename: ]
[machines: ]
[gpu_platform_id: -1]
[gpu_device_id: -1]
[gpu_use_dp: 0]
[num_gpu: 1]

end of parameters
